Date,2020-11-06 21:57:03
Filename,STFCB-20201012-0105-0133_20201106_215604_002.dat
Data Label,정상
Label No,00
Motor Spec,L-CAHU-01R,1765,11,21.8,
Period,1SEC
Sample Rate,2000
RMS,15.14451,14.71182,14.63731,
Data Length,2000,
0,10.169921875,-21.1005859375,11.4111328125,
0.0005,13.4130859375,-20.5400390625,7.7275390625,
0.001,16.9365234375,-19.1787109375,3.0029296875,
0.0015,19.69921875,-17.056640625,-1.9619140625,
0.002,21.0205078125,-15.2548828125,-4.8447265625,
0.0025,21.541015625,-12.8525390625,-7.767578125,
0.003,21.30078125,-9.6494140625,-10.7705078125,
0.0035,20.33984375,-4.7646484375,-14.6943359375,
0.004,18.9384765625,-0.400390625,-17.6171875,
0.0045,17.2568359375,3.8037109375,-20.1396484375,
0.005,15.3349609375,6.6865234375,-21.140625,
0.0055,12.2119140625,9.609375,-21.1806640625,
0.006,8.3681640625,13.0927734375,-20.900390625,
0.0065,2.8427734375,16.736328125,-19.2587890625,
0.007,-2.2822265625,19.4189453125,-17.0966796875,
0.0075,-5.4853515625,20.9404296875,-15.6552734375,
0.008,-8.408203125,21.62109375,-13.6533203125,
0.0085,-11.4912109375,21.2607421875,-10.41015625,
0.009,-15.134765625,20.1796875,-5.845703125,
0.0095,-18.2978515625,18.498046875,-1.201171875,
0.01,-20.7802734375,16.3759765625,3.443359375,
0.0105,-21.62109375,14.4140625,6.0859375,
0.011,-21.78125,11.53125,9.208984375,
0.0115,-21.4609375,7.84765625,12.4921875,
0.012,-20.259765625,3.0830078125,16.17578125,
0.0125,-18.4580078125,-1.5615234375,18.8984375,
0.013,-16.81640625,-5.0849609375,20.8603515625,
0.0135,-14.734375,-7.84765625,21.62109375,
0.014,-11.2509765625,-10.890625,21.2607421875,
0.0145,-6.56640625,-14.5341796875,20.4599609375,
0.015,-1.2412109375,-17.857421875,18.73828125,
0.0155,3.5634765625,-20.2197265625,16.6162109375,
0.016,6.40625,-21.30078125,15.0546875,
0.0165,9.44921875,-21.7412109375,12.65234375,
0.017,12.6123046875,-21.1806640625,9.12890625,
0.0175,16.17578125,-19.8994140625,4.32421875,
0.018,19.138671875,-17.8974609375,-0.4404296875,
0.0185,21.220703125,-16.015625,-4.32421875,
0.019,21.701171875,-13.8134765625,-6.9267578125,
0.0195,21.701171875,-10.650390625,-10.1298828125,
0.02,21.060546875,-6.40625,-13.6533203125,
0.0205,19.8193359375,-1.921875,-17.0166015625,
0.021,17.8173828125,2.6826171875,-19.5390625,
0.0215,16.1357421875,5.7255859375,-20.98046875,
0.022,13.7333984375,8.6484375,-21.541015625,
0.0225,9.76953125,11.8916015625,-21.1005859375,
0.023,4.7646484375,15.455078125,-19.8193359375,
0.0235,-0.3603515625,18.5380859375,-18.017578125,
0.024,-4.6845703125,20.66015625,-16.17578125,
0.0245,-7.2470703125,21.2607421875,-14.4140625,
0.025,-10.2900390625,21.4609375,-11.771484375,
0.0255,-13.93359375,20.6201171875,-7.607421875,
0.026,-17.216796875,19.138671875,-2.8427734375,
0.0265,-19.859375,17.0166015625,1.841796875,
0.027,-21.5009765625,15.294921875,5.1650390625,
0.0275,-21.78125,12.7724609375,7.8876953125,
0.028,-21.541015625,9.3291015625,11.2109375,
0.0285,-20.6201171875,4.8447265625,14.734375,
0.029,-19.2587890625,0.3203125,17.8974609375,
0.0295,-17.376953125,-3.9638671875,20.33984375,
0.03,-15.4951171875,-6.6064453125,21.140625,
0.0305,-12.8525390625,-9.5693359375,21.5810546875,
0.031,-8.328125,-13.3330078125,20.900390625,
0.0315,-3.203125,-16.5361328125,19.21875,
0.032,1.6416015625,-19.1787109375,17.3369140625,
0.0325,5.365234375,-21.1005859375,15.8154296875,
0.033,7.9677734375,-21.380859375,13.7333984375,
0.0335,11.0107421875,-21.380859375,10.810546875,
0.034,14.7744140625,-20.33984375,6.24609375,
0.0345,18.017578125,-18.578125,1.4013671875,
0.035,20.33984375,-16.6162109375,-2.8828125,
0.0355,21.4609375,-14.814453125,-5.7255859375,
0.036,21.7412109375,-12.091796875,-8.6884765625,
0.0365,21.30078125,-8.0078125,-12.3720703125,
0.037,20.1796875,-3.68359375,-15.5751953125,
0.0375,18.578125,0.9208984375,-18.498046875,
0.038,16.896484375,4.7646484375,-20.740234375,
0.0385,14.57421875,7.4072265625,-21.140625,
0.039,11.69140625,10.3701171875,-21.3408203125,
0.0395,6.56640625,14.3740234375,-20.4599609375,
0.04,1.44140625,17.537109375,-18.658203125,
0.0405,-3.0830078125,19.779296875,-16.6962890625,
0.041,-6.2060546875,21.2607421875,-15.3349609375,
0.0415,-9.1689453125,21.380859375,-12.8125,
0.042,-12.33203125,21.0205078125,-9.2890625,
0.0425,-15.8955078125,19.859375,-4.8447265625,
0.043,-19.05859375,17.8974609375,0.240234375,
0.0435,-21.140625,15.9755859375,4.1240234375,
0.044,-21.6611328125,13.8134765625,6.8466796875,
0.0445,-21.94140625,10.9306640625,9.8896484375,
0.045,-21.1806640625,6.166015625,13.9736328125,
0.0455,-19.8994140625,1.8017578125,17.0166015625,
0.046,-18.1376953125,-2.482421875,19.5390625,
0.0465,-16.6162109375,-5.92578125,21.5009765625,
0.047,-13.8134765625,-8.6884765625,21.5810546875,
0.0475,-10.2099609375,-11.9716796875,21.4208984375,
0.048,-5.125,-15.6953125,20.2197265625,
0.0485,0.400390625,-18.8984375,18.2177734375,
0.049,4.404296875,-20.8203125,16.3759765625,
0.0495,7.20703125,-21.78125,14.6943359375,
0.05,10.25,-21.861328125,12.091796875,
0.0505,14.1337890625,-20.900390625,7.3671875,
0.051,17.296875,-19.5390625,3.04296875,
0.0515,20.099609375,-17.537109375,-1.7216796875,
0.052,21.861328125,-15.7353515625,-5.205078125,
0.0525,21.9013671875,-13.0126953125,-7.9677734375,
0.053,22.021484375,-9.8896484375,-11.1708984375,
0.0535,21.060546875,-4.96484375,-15.1748046875,
0.054,19.4990234375,-0.3203125,-18.337890625,
0.0545,17.5771484375,3.763671875,-20.3798828125,
0.055,15.85546875,6.8466796875,-21.8212890625,
0.0555,12.7724609375,9.8095703125,-21.861328125,
0.056,8.0478515625,13.6533203125,-21.140625,
0.0565,3.3232421875,16.81640625,-19.779296875,
0.057,-2.001953125,19.779296875,-17.6572265625,
0.0575,-5.765625,21.380859375,-15.935546875,
0.058,-8.48828125,21.701171875,-13.6533203125,
0.0585,-11.3310546875,21.8212890625,-11.1708984375,
0.059,-15.4951171875,20.4599609375,-5.8056640625,
0.0595,-18.578125,18.6982421875,-1.12109375,
0.06,-20.8203125,16.6962890625,3.0830078125,
0.0605,-22.181640625,14.89453125,6.24609375,
0.061,-21.94140625,11.8115234375,9.0888671875,
0.0615,-21.7412109375,7.9677734375,12.65234375,
0.062,-20.66015625,3.4833984375,16.1357421875,
0.0625,-18.978515625,-1.3212890625,19.21875,
0.063,-17.0166015625,-5.0048828125,21.0205078125,
0.0635,-14.9345703125,-7.6875,21.701171875,
0.064,-12.0517578125,-10.6103515625,21.861328125,
0.0645,-6.326171875,-14.89453125,20.5400390625,
0.065,-1.4814453125,-17.857421875,18.818359375,
0.0655,3.04296875,-20.2197265625,16.9365234375,
0.066,6.3662109375,-21.6611328125,15.455078125,
0.0665,9.208984375,-21.5009765625,12.6123046875,
0.067,12.171875,-21.30078125,9.6494140625,
0.0675,16.095703125,-20.0595703125,4.724609375,
0.068,19.1787109375,-17.9775390625,-0.400390625,
0.0685,20.8603515625,-16.17578125,-3.84375,
0.069,21.78125,-14.173828125,-6.6865234375,
0.0695,21.7412109375,-11.2509765625,-9.4892578125,
0.07,21.060546875,-6.4462890625,-13.6533203125,
0.0705,19.859375,-2.3623046875,-16.6162109375,
0.071,18.2177734375,2.08203125,-19.37890625,
0.0715,16.4560546875,5.4853515625,-21.1005859375,
0.072,13.6533203125,8.16796875,-21.060546875,
0.0725,10.650390625,11.2109375,-21.2607421875,
0.073,4.96484375,15.375,-19.8994140625,
0.0735,-0.2802734375,18.2177734375,-17.8974609375,
0.074,-4.00390625,20.099609375,-16.2158203125,
0.0745,-6.9267578125,21.380859375,-14.7744140625,
0.075,-9.849609375,21.140625,-11.8916015625,
0.0755,-13.3330078125,20.3798828125,-7.767578125,
0.076,-16.65625,19.21875,-3.4033203125,
0.0765,-19.5390625,17.13671875,1.4814453125,
0.077,-20.98046875,15.375,4.6044921875,
0.0775,-21.30078125,12.97265625,7.287109375,
0.078,-21.4208984375,10.1298828125,10.2099609375,
0.0785,-20.4599609375,5.0048828125,14.4140625,
0.079,-19.0185546875,0.640625,17.3369140625,
0.0795,-17.376953125,-3.1630859375,19.5791015625,
0.08,-15.8955078125,-6.2861328125,21.1806640625,
0.0805,-12.6923828125,-9.048828125,20.8603515625,
0.081,-8.80859375,-12.5322265625,20.6201171875,
0.0815,-3.7236328125,-16.17578125,19.2587890625,
0.082,1.5615234375,-18.9384765625,17.1767578125,
0.0825,4.7646484375,-20.3798828125,15.6552734375,
0.083,7.607421875,-21.140625,13.8134765625,
0.0835,10.4501953125,-21.140625,11.1708984375,
0.084,14.5341796875,-19.8994140625,6.0859375,
0.0845,17.537109375,-18.4580078125,1.6416015625,
0.085,19.8994140625,-16.6162109375,-2.5224609375,
0.0855,21.1005859375,-14.89453125,-5.3251953125,
0.086,21.060546875,-11.8916015625,-8.2080078125,
0.0865,20.98046875,-8.6484375,-11.451171875,
0.087,19.9794921875,-3.8837890625,-15.2548828125,
0.0875,18.2978515625,0.880859375,-18.177734375,
0.088,16.6162109375,4.1640625,-19.8994140625,
0.0885,14.7744140625,7.046875,-21.0205078125,
0.089,11.5712890625,9.8896484375,-20.8203125,
0.0895,6.4462890625,13.8134765625,-19.859375,
0.09,1.841796875,16.9365234375,-18.4580078125,
0.0905,-3.0830078125,19.4990234375,-16.49609375,
0.091,-5.92578125,20.6201171875,-14.974609375,
0.0915,-8.80859375,20.7802734375,-12.4921875,
0.092,-11.6513671875,20.7001953125,-9.689453125,
0.0925,-15.53515625,19.298828125,-4.6044921875,
0.093,-18.5380859375,17.3369140625,0.2802734375,
0.0935,-20.2998046875,15.6552734375,3.68359375,
0.094,-21.1806640625,13.7734375,6.40625,
0.0945,-20.98046875,10.6904296875,9.2490234375,
0.095,-20.4599609375,6.4462890625,12.892578125,
0.0955,-19.37890625,2.2421875,16.1357421875,
0.096,-17.7373046875,-2.2822265625,18.978515625,
0.0965,-15.9755859375,-5.3251953125,20.259765625,
0.097,-13.7333984375,-8.0078125,20.8203125,
0.0975,-10.5302734375,-11.05078125,20.7001953125,
0.098,-4.884765625,-14.9345703125,19.2587890625,
0.0985,0,-17.77734375,17.4970703125,
0.099,3.8037109375,-19.8193359375,15.9755859375,
0.0995,6.5263671875,-20.8203125,14.4140625,
0.1,9.4892578125,-20.6201171875,11.5712890625,
0.1005,12.732421875,-20.1396484375,8.0078125,
0.101,16.17578125,-18.8583984375,3.443359375,
0.1015,18.9384765625,-16.81640625,-1.361328125,
0.102,20.2998046875,-15.21484375,-4.2041015625,
0.1025,20.8203125,-12.97265625,-6.966796875,
0.103,20.66015625,-9.9697265625,-9.8095703125,
0.1035,19.8193359375,-5.205078125,-13.7333984375,
0.104,18.5380859375,-1.041015625,-16.65625,
0.1045,17.0966796875,2.9228515625,-19.0986328125,
0.105,15.3349609375,5.7255859375,-20.2197265625,
0.1055,12.4921875,8.48828125,-20.2998046875,
0.106,8.8486328125,11.8916015625,-20.1796875,
0.1065,3.5634765625,15.53515625,-18.6982421875,
0.107,-1.4013671875,18.2177734375,-16.6962890625,
0.1075,-4.5244140625,19.779296875,-15.4150390625,
0.108,-7.2470703125,20.6201171875,-13.7333984375,
0.1085,-10.169921875,20.3798828125,-10.8505859375,
0.109,-13.8134765625,19.458984375,-6.3662109375,
0.1095,-16.9765625,18.0576171875,-1.9619140625,
0.11,-19.4990234375,16.1357421875,2.40234375,
0.1105,-20.4599609375,14.4541015625,5.0048828125,
0.111,-20.7001953125,11.8115234375,7.84765625,
0.1115,-20.5400390625,8.4482421875,11.0908203125,
0.112,-19.5791015625,3.8037109375,14.7744140625,
0.1125,-17.9775390625,-0.6806640625,17.6171875,
0.113,-16.6162109375,-4.083984375,19.6591796875,
0.1135,-14.7744140625,-6.806640625,20.6201171875,
0.114,-11.53125,-9.689453125,20.419921875,
0.1145,-7.046875,-13.4130859375,19.779296875,
0.115,-1.8818359375,-16.736328125,18.2177734375,
0.1155,2.802734375,-19.21875,16.2958984375,
0.116,5.4853515625,-20.3798828125,14.974609375,
0.1165,8.4482421875,-20.8603515625,12.7724609375,
0.117,11.6513671875,-20.5400390625,9.44921875,
0.1175,15.2548828125,-19.37890625,4.8046875,
0.118,18.2177734375,-17.6572265625,0.2001953125,
0.1185,20.3798828125,-15.935546875,-3.603515625,
0.119,20.98046875,-13.8935546875,-6.2060546875,
0.1195,21.060546875,-10.890625,-9.2890625,
0.12,20.4599609375,-6.7265625,-12.892578125,
0.1205,19.4189453125,-2.2822265625,-16.2958984375,
0.121,17.5771484375,2.2421875,-18.9384765625,
0.1215,15.935546875,5.2451171875,-20.3798828125,
0.122,13.693359375,8.16796875,-21.060546875,
0.1225,9.8095703125,11.4111328125,-20.6201171875,
0.123,4.9248046875,14.974609375,-19.4189453125,
0.1235,-0.1201171875,17.9775390625,-17.7373046875,
0.124,-4.3642578125,20.1796875,-15.8955078125,
0.1245,-6.9267578125,20.8203125,-14.25390625,
0.125,-9.8896484375,20.98046875,-11.69140625,
0.1255,-13.4130859375,20.2998046875,-7.6474609375,
0.126,-16.6962890625,18.818359375,-2.962890625,
0.1265,-19.37890625,16.7763671875,1.6416015625,
0.127,-21.0205078125,15.0947265625,4.884765625,
0.1275,-21.30078125,12.732421875,7.607421875,
0.128,-21.140625,9.3291015625,10.810546875,
0.1285,-20.1796875,4.9248046875,14.2939453125,
0.129,-18.8583984375,0.48046875,17.4169921875,
0.1295,-17.0966796875,-3.763671875,19.69921875,
0.13,-15.21484375,-6.326171875,20.5400390625,
0.1305,-12.6923828125,-9.1689453125,20.98046875,
0.131,-8.2880859375,-12.7724609375,20.33984375,
0.1315,-3.2431640625,-15.9755859375,18.6982421875,
0.132,1.521484375,-18.5380859375,16.896484375,
0.1325,5.0048828125,-20.3798828125,15.4150390625,
0.133,7.52734375,-20.66015625,13.4130859375,
0.1335,10.41015625,-20.66015625,10.6904296875,
0.134,14.0537109375,-19.7392578125,6.326171875,
0.1345,17.1767578125,-18.09765625,1.681640625,
0.135,19.4990234375,-16.17578125,-2.5224609375,
0.1355,20.5,-14.494140625,-5.1650390625,
0.136,20.7802734375,-11.931640625,-8.0078125,
0.1365,20.4599609375,-8.2080078125,-11.451171875,
0.137,19.4189453125,-3.9638671875,-14.6142578125,
0.1375,17.8974609375,0.3603515625,-17.45703125,
0.138,16.416015625,4.083984375,-19.619140625,
0.1385,14.25390625,6.56640625,-20.0595703125,
0.139,11.6513671875,9.369140625,-20.2998046875,
0.1395,6.88671875,13.212890625,-19.5791015625,
0.14,1.921875,16.3359375,-17.9775390625,
0.1405,-2.482421875,18.578125,-16.095703125,
0.141,-5.3251953125,20.099609375,-14.9345703125,
0.1415,-8.087890625,20.33984375,-12.6923828125,
0.142,-11.2109375,19.9794921875,-9.44921875,
0.1425,-14.6142578125,18.978515625,-5.1650390625,
0.143,-17.697265625,17.2568359375,-0.5205078125,
0.1435,-19.779296875,15.53515625,3.2431640625,
0.144,-20.3798828125,13.5732421875,5.765625,
0.1445,-20.66015625,10.970703125,8.6484375,
0.145,-20.099609375,6.56640625,12.4921875,
0.1455,-19.05859375,2.3623046875,15.5751953125,
0.146,-17.376953125,-1.681640625,18.0576171875,
0.1465,-16.0556640625,-4.884765625,19.9794921875,
0.147,-13.693359375,-7.4873046875,20.259765625,
0.1475,-10.2900390625,-10.5703125,20.099609375,
0.148,-5.525390625,-14.2138671875,19.1787109375,
0.1485,-0.400390625,-17.3369140625,17.4169921875,
0.149,3.5634765625,-19.298828125,15.7353515625,
0.1495,6.0859375,-20.259765625,14.333984375,
0.15,9.0087890625,-20.580078125,12.01171875,
0.1505,12.6923828125,-19.859375,7.7275390625,
0.151,15.8154296875,-18.658203125,3.603515625,
0.1515,18.5380859375,-16.896484375,-0.9208984375,
0.152,20.419921875,-15.3349609375,-4.2041015625,
0.1525,20.5400390625,-12.97265625,-6.7265625,
0.153,20.7001953125,-10.009765625,-9.849609375,
0.1535,19.8994140625,-5.4453125,-13.7333984375,
0.154,18.6982421875,-0.9609375,-16.8564453125,
0.1545,16.9365234375,3.0029296875,-18.978515625,
0.155,15.375,5.845703125,-20.3798828125,
0.1555,12.6923828125,8.6884765625,-20.66015625,
0.156,8.248046875,12.412109375,-20.0595703125,
0.1565,3.68359375,15.53515625,-18.8984375,
0.157,-1.361328125,18.4580078125,-16.9765625,
0.1575,-4.884765625,20.1796875,-15.455078125,
0.158,-7.4873046875,20.4599609375,-13.4130859375,
0.1585,-10.25,20.7802734375,-11.05078125,
0.159,-14.2939453125,19.5791015625,-6.0859375,
0.1595,-17.3369140625,17.9375,-1.5615234375,
0.16,-19.5791015625,16.095703125,2.5224609375,
0.1605,-20.9404296875,14.3740234375,5.4853515625,
0.161,-20.8603515625,11.5712890625,8.248046875,
0.1615,-20.7001953125,7.8876953125,11.69140625,
0.162,-19.69921875,3.6435546875,15.0146484375,
0.1625,-18.2177734375,-0.9609375,18.0576171875,
0.163,-16.4560546875,-4.5244140625,19.939453125,
0.1635,-14.4541015625,-7.0869140625,20.5400390625,
0.164,-11.8515625,-9.849609375,20.8603515625,
0.1645,-6.4462890625,-13.9736328125,19.7392578125,
0.165,-1.7216796875,-16.81640625,18.1376953125,
0.1655,2.642578125,-19.1787109375,16.3759765625,
0.166,5.765625,-20.66015625,15.0546875,
0.1665,8.4482421875,-20.5,12.4921875,
0.167,11.4111328125,-20.4599609375,9.609375,
0.1675,15.0947265625,-19.3388671875,4.9248046875,
0.168,18.1376953125,-17.376953125,0.1201171875,
0.1685,19.8994140625,-15.7353515625,-3.36328125,
0.169,20.66015625,-13.8134765625,-6.0458984375,
0.1695,20.7001953125,-11.1708984375,-8.728515625,
0.17,20.1396484375,-6.486328125,-12.7724609375,
0.1705,19.0185546875,-2.5625,-15.5751953125,
0.171,17.4169921875,1.76171875,-18.2578125,
0.1715,15.935546875,4.96484375,-20.1396484375,
0.172,13.29296875,7.5673828125,-20.099609375,
0.1725,10.5302734375,10.4501953125,-20.3798828125,
0.173,5.125,14.4541015625,-19.138671875,
0.1735,0.2001953125,17.3369140625,-17.3369140625,
0.174,-3.5634765625,19.21875,-15.7353515625,
0.1745,-6.2861328125,20.4599609375,-14.3740234375,
0.175,-9.0888671875,20.3798828125,-11.7314453125,
0.1755,-12.572265625,19.69921875,-7.767578125,
0.176,-15.7353515625,18.5380859375,-3.603515625,
0.1765,-18.578125,16.65625,1.041015625,
0.177,-20.099609375,15.0546875,4.1240234375,
0.1775,-20.3798828125,12.65234375,6.6865234375,
0.178,-20.580078125,10.08984375,9.529296875,
0.1785,-19.7392578125,5.0849609375,13.6533203125,
0.179,-18.4580078125,0.9609375,16.5361328125,
0.1795,-16.8564453125,-2.8427734375,18.73828125,
0.18,-15.53515625,-5.7255859375,20.33984375,
0.1805,-12.5322265625,-8.4482421875,20.1396484375,
0.181,-8.728515625,-11.8916015625,19.8994140625,
0.1815,-3.84375,-15.4150390625,18.658203125,
0.182,1.28125,-18.2177734375,16.7763671875,
0.1825,4.484375,-19.7392578125,15.3349609375,
0.183,7.126953125,-20.5,13.533203125,
0.1835,9.8896484375,-20.5400390625,11.130859375,
0.184,13.93359375,-19.37890625,6.1259765625,
0.1845,16.9365234375,-18.017578125,1.841796875,
0.185,19.2587890625,-16.3359375,-2.2021484375,
0.1855,20.4599609375,-14.734375,-5.0048828125,
0.186,20.4599609375,-11.7314453125,-7.767578125,
0.1865,20.419921875,-8.6083984375,-10.970703125,
0.187,19.4990234375,-4.00390625,-14.6943359375,
0.1875,17.9375,0.6005859375,-17.6572265625,
0.188,16.2958984375,3.923828125,-19.37890625,
0.1885,14.6142578125,6.6865234375,-20.5,
0.189,11.611328125,9.529296875,-20.4599609375,
0.1895,6.486328125,13.4931640625,-19.5390625,
0.19,1.9619140625,16.576171875,-18.2177734375,
0.1905,-2.72265625,19.05859375,-16.3759765625,
0.191,-5.6455078125,20.33984375,-15.0146484375,
0.1915,-8.48828125,20.4599609375,-12.4921875,
0.192,-11.37109375,20.4599609375,-9.7294921875,
0.1925,-15.2548828125,19.05859375,-4.6845703125,
0.193,-18.2177734375,17.216796875,0.16015625,
0.1935,-20.01953125,15.4951171875,3.4833984375,
0.194,-20.8603515625,13.7734375,6.2060546875,
0.1945,-20.7001953125,10.73046875,8.96875,
0.195,-20.2197265625,6.4462890625,12.732421875,
0.1955,-19.1787109375,2.2421875,15.8955078125,
0.196,-17.6171875,-2.1220703125,18.6982421875,
0.1965,-15.85546875,-5.1650390625,20.099609375,
0.197,-13.61328125,-7.84765625,20.5400390625,
0.1975,-10.490234375,-10.890625,20.5400390625,
0.198,-4.8447265625,-14.7744140625,19.138671875,
0.1985,0,-17.6171875,17.3369140625,
0.199,3.763671875,-19.5791015625,15.85546875,
0.1995,6.486328125,-20.6201171875,14.333984375,
0.2,9.44921875,-20.419921875,11.37109375,
0.2005,12.6923828125,-19.9794921875,7.84765625,
0.201,16.0556640625,-18.6982421875,3.3232421875,
0.2015,18.818359375,-16.6962890625,-1.44140625,
0.202,20.1396484375,-14.974609375,-4.2841796875,
0.2025,20.66015625,-12.8125,-7.0068359375,
0.203,20.5400390625,-9.8896484375,-9.76953125,
0.2035,19.6591796875,-5.0849609375,-13.7333984375,
0.204,18.3779296875,-0.9208984375,-16.6162109375,
0.2045,16.81640625,3.04296875,-18.978515625,
0.205,15.0947265625,5.845703125,-20.1396484375,
0.2055,12.171875,8.6484375,-20.1396484375,
0.206,8.6884765625,11.8916015625,-20.01953125,
0.2065,3.443359375,15.4951171875,-18.578125,
0.207,-1.6015625,18.177734375,-16.49609375,
0.2075,-4.64453125,19.619140625,-15.134765625,
0.208,-7.3671875,20.4599609375,-13.453125,
0.2085,-10.169921875,20.1796875,-10.650390625,
0.209,-13.8134765625,19.21875,-6.166015625,
0.2095,-16.896484375,17.77734375,-1.841796875,
0.21,-19.3388671875,15.935546875,2.5224609375,
0.2105,-20.33984375,14.2138671875,5.0849609375,
0.211,-20.5,11.53125,7.9677734375,
0.2115,-20.419921875,8.328125,11.0107421875,
0.212,-19.458984375,3.68359375,14.7744140625,
0.2125,-17.8173828125,-0.80078125,17.6171875,
0.213,-16.416015625,-4.1240234375,19.4990234375,
0.2135,-14.6943359375,-6.7666015625,20.5400390625,
0.214,-11.4111328125,-9.6494140625,20.2197265625,
0.2145,-6.9267578125,-13.3330078125,19.5791015625,
0.215,-1.9619140625,-16.6162109375,18.1376953125,
0.2155,2.802734375,-19.05859375,16.17578125,
0.216,5.4453125,-20.1796875,14.814453125,
0.2165,8.2880859375,-20.66015625,12.65234375,
0.217,11.37109375,-20.3798828125,9.4892578125,
0.2175,15.0146484375,-19.1787109375,4.7646484375,
0.218,17.9775390625,-17.376953125,0.240234375,
0.2185,20.099609375,-15.7353515625,-3.5234375,
0.219,20.7802734375,-13.8134765625,-6.1259765625,
0.2195,20.7802734375,-10.810546875,-9.12890625,
0.22,20.33984375,-6.7666015625,-12.6923828125,
0.2205,19.3388671875,-2.40234375,-16.015625,
0.221,17.4970703125,2.08203125,-18.658203125,
0.2215,15.8955078125,5.0849609375,-20.1396484375,
0.222,13.7333984375,7.8876953125,-20.8603515625,
0.2225,10.009765625,11.130859375,-20.5,
0.223,4.96484375,14.8544921875,-19.2587890625,
0.2235,0.080078125,17.8173828125,-17.6572265625,
0.224,-4.2041015625,19.9794921875,-15.8955078125,
0.2245,-6.7666015625,20.740234375,-14.25390625,
0.225,-9.8095703125,20.8603515625,-11.611328125,
0.2255,-13.29296875,20.2197265625,-7.767578125,
0.226,-16.6962890625,18.818359375,-3.0830078125,
0.2265,-19.37890625,16.7763671875,1.6015625,
0.227,-21.0205078125,15.1748046875,4.8447265625,
0.2275,-21.4208984375,12.7724609375,7.6474609375,
0.228,-21.30078125,9.369140625,10.890625,
0.2285,-20.3798828125,4.9248046875,14.4541015625,
0.229,-19.0986328125,0.4404296875,17.6572265625,
0.2295,-17.3369140625,-3.84375,20.099609375,
0.23,-15.375,-6.56640625,20.9404296875,
0.2305,-12.732421875,-9.4892578125,21.3408203125,
0.231,-8.328125,-13.1728515625,20.7802734375,
0.2315,-3.0830078125,-16.5361328125,19.0986328125,
0.232,1.8818359375,-19.1787109375,17.13671875,
0.2325,5.4853515625,-21.060546875,15.6552734375,
0.233,8.16796875,-21.4208984375,13.5732421875,
0.2335,11.1708984375,-21.30078125,10.5703125,
0.234,14.89453125,-20.2998046875,6.0859375,
0.2345,18.1376953125,-18.6181640625,1.2412109375,
0.235,20.5400390625,-16.6162109375,-3.1630859375,
0.2355,21.5810546875,-14.7744140625,-5.92578125,
0.236,21.8212890625,-11.9716796875,-8.9287109375,
0.2365,21.4208984375,-7.84765625,-12.6123046875,
0.237,20.2197265625,-3.4833984375,-15.8955078125,
0.2375,18.5380859375,1.12109375,-18.73828125,
0.238,16.896484375,4.9248046875,-20.9404296875,
0.2385,14.494140625,7.607421875,-21.30078125,
0.239,11.53125,10.5302734375,-21.4208984375,
0.2395,6.486328125,14.494140625,-20.5,
0.24,1.28125,17.697265625,-18.658203125,
0.2405,-3.4033203125,19.8994140625,-16.5361328125,
0.241,-6.4462890625,21.30078125,-15.134765625,
0.2415,-9.369140625,21.4609375,-12.6923828125,
0.242,-12.572265625,20.98046875,-9.0888671875,
0.2425,-16.015625,19.779296875,-4.6044921875,
0.243,-19.1787109375,17.8173828125,0.4404296875,
0.2435,-21.1806640625,15.8955078125,4.32421875,
0.244,-21.6611328125,13.7333984375,6.88671875,
0.2445,-21.8212890625,10.8505859375,9.9296875,
0.245,-21.1005859375,6.24609375,13.853515625,
0.2455,-19.859375,1.841796875,16.9765625,
0.246,-17.9375,-2.5224609375,19.37890625,
0.2465,-16.3759765625,-5.8056640625,21.2607421875,
0.247,-13.7333984375,-8.5283203125,21.380859375,
0.2475,-10.1298828125,-11.69140625,21.1005859375,
0.248,-5.125,-15.4150390625,19.8994140625,
0.2485,0.2802734375,-18.4580078125,17.9775390625,
0.249,4.32421875,-20.4599609375,16.095703125,
0.2495,6.966796875,-21.30078125,14.5341796875,
0.25,10.009765625,-21.5009765625,11.9716796875,
0.2505,13.7333984375,-20.580078125,7.52734375,
0.251,16.8564453125,-19.2587890625,3.1630859375,
0.2515,19.619140625,-17.3369140625,-1.521484375,
0.252,21.4208984375,-15.5751953125,-4.9248046875,
0.2525,21.4609375,-13.0126953125,-7.5673828125,
0.253,21.5810546875,-9.9296875,-10.73046875,
0.2535,20.66015625,-5.125,-14.57421875,
0.254,19.21875,-0.640625,-17.6572265625,
0.2545,17.296875,3.4833984375,-19.859375,
0.255,15.6552734375,6.3662109375,-21.140625,
0.2555,12.7724609375,9.2890625,-21.380859375,
0.256,8.2080078125,13.052734375,-20.66015625,
0.2565,3.5234375,16.17578125,-19.3388671875,
0.257,-1.681640625,19.05859375,-17.3369140625,
0.2575,-5.4052734375,20.8203125,-15.6953125,
0.258,-7.9677734375,21.1005859375,-13.5732421875,
0.2585,-10.8505859375,21.380859375,-11.1708984375,
0.259,-14.974609375,20.1396484375,-6.0458984375,
0.2595,-18.017578125,18.41796875,-1.3212890625,
0.26,-20.33984375,16.49609375,2.8427734375,
0.2605,-21.7412109375,14.7744140625,5.8857421875,
0.261,-21.6611328125,11.8515625,8.728515625,
0.2615,-21.4609375,8.0078125,12.3720703125,
0.262,-20.3798828125,3.6435546875,15.6953125,
0.2625,-18.7783203125,-1.0810546875,18.818359375,
0.263,-16.896484375,-4.8447265625,20.7001953125,
0.2635,-14.814453125,-7.4072265625,21.30078125,
0.264,-12.0517578125,-10.3701171875,21.5810546875,
0.2645,-6.40625,-14.6142578125,20.3798828125,
0.265,-1.5615234375,-17.45703125,18.6982421875,
0.2655,2.962890625,-19.939453125,16.7763671875,
0.266,6.2861328125,-21.4609375,15.375,
0.2665,9.0888671875,-21.30078125,12.6123046875,
0.267,12.1318359375,-21.1806640625,9.609375,
0.2675,15.9755859375,-19.9794921875,4.8046875,
0.268,19.05859375,-17.9775390625,-0.3203125,
0.2685,20.900390625,-16.0556640625,-3.923828125,
0.269,21.7412109375,-14.09375,-6.6865234375,
0.2695,21.7412109375,-11.2109375,-9.609375,
0.27,21.1005859375,-6.3662109375,-13.7734375,
0.2705,19.859375,-2.2421875,-16.65625,
0.271,18.1376953125,2.2421875,-19.458984375,
0.2715,16.3759765625,5.685546875,-21.1806640625,
0.272,13.5732421875,8.3681640625,-21.140625,
0.2725,10.6103515625,11.37109375,-21.3408203125,
0.273,4.8447265625,15.53515625,-19.939453125,
0.2735,-0.48046875,18.498046875,-17.9775390625,
0.274,-4.244140625,20.33984375,-16.2158203125,
0.2745,-7.2470703125,21.5810546875,-14.734375,
0.275,-10.2099609375,21.380859375,-11.771484375,
0.2755,-13.7333984375,20.580078125,-7.6875,
0.276,-17.056640625,19.3388671875,-3.203125,
0.2765,-19.939453125,17.2568359375,1.76171875,
0.277,-21.4609375,15.4150390625,5.044921875,
0.2775,-21.701171875,12.8525390625,7.767578125,
0.278,-21.78125,10.08984375,10.6904296875,
0.2785,-20.8203125,4.8046875,14.974609375,
0.279,-19.2587890625,0.3603515625,17.8974609375,
0.2795,-17.5771484375,-3.603515625,20.099609375,
0.28,-15.935546875,-6.7265625,21.6611328125,
0.2805,-12.572265625,-9.6494140625,21.3408203125,
0.281,-8.6884765625,-13.0927734375,21.0205078125,
0.2815,-3.4833984375,-16.736328125,19.5791015625,
0.282,1.9619140625,-19.5390625,17.4169921875,
0.2825,5.28515625,-21.0205078125,15.8154296875,
0.283,8.16796875,-21.7412109375,13.853515625,
0.2835,11.0908203125,-21.7412109375,11.130859375,
0.284,15.21484375,-20.3798828125,5.8857421875,
0.2845,18.2978515625,-18.8583984375,1.3212890625,
0.285,20.66015625,-16.9365234375,-2.9228515625,
0.2855,21.9013671875,-15.0947265625,-5.92578125,
0.286,21.7412109375,-12.01171875,-8.8486328125,
0.2865,21.62109375,-8.5283203125,-12.171875,
0.287,20.5400390625,-3.7236328125,-15.935546875,
0.2875,18.6982421875,1.201171875,-18.978515625,
0.288,16.8564453125,4.6845703125,-20.66015625,
0.2885,14.974609375,7.607421875,-21.78125,
0.289,11.6513671875,10.5302734375,-21.5009765625,
0.2895,6.326171875,14.57421875,-20.4599609375,
0.29,1.5615234375,17.7373046875,-18.978515625,
0.2905,-3.4833984375,20.2998046875,-16.8564453125,
0.291,-6.4462890625,21.4609375,-15.294921875,
0.2915,-9.4091796875,21.541015625,-12.6923828125,
0.292,-12.3720703125,21.4208984375,-9.76953125,
0.2925,-16.3359375,19.859375,-4.484375,
0.293,-19.298828125,17.8173828125,0.640625,
0.2935,-21.140625,16.015625,4.1240234375,
0.294,-22.0615234375,14.013671875,7.0068359375,
0.2945,-21.7412109375,10.7705078125,9.8896484375,
0.295,-21.1005859375,6.40625,13.693359375,
0.2955,-19.9794921875,2.0419921875,16.896484375,
0.296,-18.1376953125,-2.6025390625,19.69921875,
0.2965,-16.2158203125,-5.765625,20.98046875,
0.297,-13.8935546875,-8.5283203125,21.5009765625,
0.2975,-10.5703125,-11.6513671875,21.3408203125,
0.298,-4.724609375,-15.6552734375,19.8193359375,
0.2985,0.2802734375,-18.5380859375,17.9375,
0.299,4.244140625,-20.5,16.2958984375,
0.2995,7.0869140625,-21.5009765625,14.654296875,
0.3,10.1298828125,-21.30078125,11.5712890625,
0.3005,13.4130859375,-20.740234375,7.9677734375,
0.301,16.896484375,-19.3388671875,3.203125,
0.3015,19.69921875,-17.13671875,-1.8017578125,
0.302,20.98046875,-15.4150390625,-4.6845703125,
0.3025,21.5009765625,-13.0927734375,-7.52734375,
0.303,21.30078125,-9.9697265625,-10.41015625,
0.3035,20.33984375,-5.0048828125,-14.4140625,
0.304,18.9384765625,-0.80078125,-17.3369140625,
0.3045,17.296875,3.283203125,-19.779296875,
0.305,15.4951171875,6.2060546875,-20.8603515625,
0.3055,12.4521484375,9.0087890625,-20.8203125,
0.306,8.7685546875,12.4921875,-20.66015625,
0.3065,3.3232421875,16.1357421875,-19.0986328125,
0.307,-1.8017578125,18.8583984375,-16.9765625,
0.3075,-4.96484375,20.33984375,-15.5751953125,
0.308,-7.7275390625,21.140625,-13.8134765625,
0.3085,-10.6904296875,20.8203125,-10.7705078125,
0.309,-14.3740234375,19.8193359375,-6.166015625,
0.3095,-17.4970703125,18.2978515625,-1.76171875,
0.31,-20.01953125,16.3359375,2.7626953125,
0.3105,-20.98046875,14.57421875,5.4052734375,
0.311,-21.140625,11.8115234375,8.2880859375,
0.3115,-20.900390625,8.408203125,11.451171875,
0.312,-19.8994140625,3.6435546875,15.21484375,
0.3125,-18.2177734375,-0.9208984375,18.017578125,
0.313,-16.6962890625,-4.32421875,20.01953125,
0.3135,-14.89453125,-7.0869140625,20.98046875,
0.314,-11.53125,-9.9697265625,20.66015625,
0.3145,-7.046875,-13.6533203125,19.9794921875,
0.315,-1.921875,-16.9765625,18.498046875,
0.3155,2.8427734375,-19.458984375,16.4560546875,
0.316,5.60546875,-20.5400390625,15.0546875,
0.3165,8.4482421875,-21.0205078125,12.892578125,
0.317,11.5712890625,-20.7001953125,9.609375,
0.3175,15.294921875,-19.37890625,4.8046875,
0.318,18.2177734375,-17.6572265625,0.2802734375,
0.3185,20.2998046875,-15.8955078125,-3.5634765625,
0.319,20.98046875,-13.93359375,-6.1259765625,
0.3195,20.9404296875,-10.890625,-9.12890625,
0.32,20.419921875,-6.8466796875,-12.6923828125,
0.3205,19.3388671875,-2.4423828125,-16.0556640625,
0.321,17.537109375,2.08203125,-18.73828125,
0.3215,15.935546875,5.044921875,-20.1796875,
0.322,13.7333984375,7.8876953125,-20.8603515625,
0.3225,10.0498046875,11.0107421875,-20.5,
0.323,5.0849609375,14.6943359375,-19.2587890625,
0.3235,0.240234375,17.6572265625,-17.6572265625,
0.324,-4.083984375,19.859375,-15.8955078125,
0.3245,-6.6064453125,20.5400390625,-14.25390625,
0.325,-9.5693359375,20.740234375,-11.69140625,
0.3255,-12.9326171875,20.1396484375,-7.9677734375,
0.326,-16.3359375,18.6982421875,-3.2431640625,
0.3265,-18.978515625,16.6962890625,1.361328125,
0.327,-20.580078125,15.0947265625,4.5244140625,
0.3275,-21.060546875,12.7724609375,7.20703125,
0.328,-20.8603515625,9.529296875,10.2900390625,
0.3285,-20.01953125,5.0849609375,13.853515625,
0.329,-18.7783203125,0.7607421875,17.0166015625,
0.3295,-17.13671875,-3.443359375,19.4189453125,
0.33,-15.3349609375,-5.92578125,20.33984375,
0.3305,-12.8125,-8.7685546875,20.740234375,
0.331,-8.568359375,-12.33203125,20.2197265625,
0.3315,-3.4833984375,-15.6953125,18.658203125,
0.332,1.2412109375,-18.2978515625,16.896484375,
0.3325,4.724609375,-20.2197265625,15.4951171875,
0.333,7.2470703125,-20.580078125,13.61328125,
0.3335,10.2099609375,-20.5,10.810546875,
0.334,13.8134765625,-19.6591796875,6.5263671875,
0.3345,16.9765625,-18.1376953125,1.921875,
0.335,19.37890625,-16.2158203125,-2.322265625,
0.3355,20.4599609375,-14.6142578125,-4.9248046875,
0.336,20.7802734375,-12.091796875,-7.767578125,
0.3365,20.4599609375,-8.3681640625,-11.2109375,
0.337,19.4990234375,-4.083984375,-14.5341796875,
0.3375,17.9775390625,0.240234375,-17.4169921875,
0.338,16.576171875,3.9638671875,-19.619140625,
0.3385,14.4541015625,6.4462890625,-20.2197265625,
0.339,11.69140625,9.3291015625,-20.3798828125,
0.3395,7.046875,13.1728515625,-19.6591796875,
0.34,1.9619140625,16.3759765625,-18.0576171875,
0.3405,-2.5224609375,18.6982421875,-16.17578125,
0.341,-5.3251953125,20.1396484375,-15.0146484375,
0.3415,-8.087890625,20.4599609375,-12.7724609375,
0.342,-11.291015625,20.1396484375,-9.4892578125,
0.3425,-14.6943359375,19.05859375,-5.1650390625,
0.343,-17.7373046875,17.3369140625,-0.48046875,
0.3435,-19.939453125,15.615234375,3.443359375,
0.344,-20.5,13.693359375,5.92578125,
0.3445,-20.8203125,10.9306640625,8.80859375,
0.345,-20.259765625,6.6064453125,12.6923828125,
0.3455,-19.2587890625,2.322265625,15.8154296875,
0.346,-17.537109375,-1.8017578125,18.3779296875,
0.3465,-16.2158203125,-5.0849609375,20.2197265625,
0.347,-13.7333984375,-7.7275390625,20.5,
0.3475,-10.2900390625,-10.810546875,20.33984375,
0.348,-5.4453125,-14.4541015625,19.3388671875,
0.3485,-0.2802734375,-17.6171875,17.5771484375,
0.349,3.84375,-19.6591796875,15.8154296875,
0.3495,6.40625,-20.580078125,14.333984375,
0.35,9.44921875,-20.8603515625,11.8916015625,
0.3505,13.052734375,-20.1396484375,7.6875,
0.351,16.17578125,-18.8583984375,3.4033203125,
0.3515,18.9384765625,-17.0166015625,-1.12109375,
0.352,20.740234375,-15.4150390625,-4.5244140625,
0.3525,20.9404296875,-12.97265625,-7.126953125,
0.353,21.060546875,-9.8896484375,-10.2900390625,
0.3535,20.1796875,-5.28515625,-14.1337890625,
0.354,18.8984375,-0.7607421875,-17.296875,
0.3545,17.0166015625,3.203125,-19.4189453125,
0.355,15.4951171875,6.1259765625,-20.740234375,
0.3555,12.732421875,8.96875,-20.98046875,
0.356,8.16796875,12.6923828125,-20.259765625,
0.3565,3.5234375,15.85546875,-19.0185546875,
0.357,-1.5615234375,18.6982421875,-17.0966796875,
0.3575,-5.125,20.4599609375,-15.53515625,
0.358,-7.6474609375,20.740234375,-13.453125,
0.3585,-10.490234375,20.900390625,-11.05078125,
0.359,-14.4541015625,19.779296875,-6.0859375,
0.3595,-17.4970703125,18.0576171875,-1.4814453125,
0.36,-19.779296875,16.255859375,2.5625,
0.3605,-21.140625,14.57421875,5.5654296875,
0.361,-21.140625,11.8115234375,8.2880859375,
0.3615,-20.8603515625,8.0078125,11.771484375,
0.362,-19.8193359375,3.8037109375,15.0546875,
0.3625,-18.2978515625,-0.80078125,18.0576171875,
0.363,-16.5361328125,-4.4443359375,20.01953125,
0.3635,-14.6142578125,-6.9267578125,20.580078125,
0.364,-11.9716796875,-9.7294921875,20.8603515625,
0.3645,-6.646484375,-13.8134765625,19.779296875,
0.365,-1.8818359375,-16.65625,18.09765625,
0.3655,2.40234375,-18.9384765625,16.3759765625,
0.366,5.6455078125,-20.5,15.0546875,
0.3665,8.16796875,-20.5,12.572265625,
0.367,11.1708984375,-20.33984375,9.6494140625,
0.3675,14.89453125,-19.2587890625,5.0849609375,
0.368,17.8974609375,-17.376953125,0.3603515625,
0.3685,19.69921875,-15.775390625,-3.1630859375,
0.369,20.5,-13.9736328125,-5.765625,
0.3695,20.6201171875,-11.37109375,-8.5283203125,
0.37,20.0595703125,-6.7265625,-12.5322265625,
0.3705,19.0185546875,-2.7626953125,-15.375,
0.371,17.45703125,1.44140625,-18.017578125,
0.3715,15.9755859375,4.8046875,-19.8994140625,
0.372,13.373046875,7.287109375,-19.8994140625,
0.3725,10.6103515625,10.2099609375,-20.1796875,
0.373,5.3251953125,14.2138671875,-19.05859375,
0.3735,0.3203125,17.0966796875,-17.2568359375,
0.374,-3.283203125,19.0185546875,-15.6953125,
0.3745,-6.1259765625,20.2197265625,-14.4140625,
0.375,-8.9287109375,20.2197265625,-11.8515625,
0.3755,-12.3720703125,19.5390625,-7.8876953125,
0.376,-15.5751953125,18.498046875,-3.8037109375,
0.3765,-18.41796875,16.6162109375,0.880859375,
0.377,-20.01953125,15.0546875,4.0439453125,
0.3775,-20.2998046875,12.732421875,6.5263671875,
0.378,-20.66015625,10.1298828125,9.44921875,
0.3785,-19.859375,5.205078125,13.5732421875,
0.379,-18.498046875,1.0009765625,16.49609375,
0.3795,-16.9765625,-2.72265625,18.6181640625,
0.38,-15.5751953125,-5.7255859375,20.33984375,
0.3805,-12.6923828125,-8.408203125,20.1796875,
0.381,-8.728515625,-11.8115234375,19.8994140625,
0.3815,-3.923828125,-15.375,18.6982421875,
0.382,1.2412109375,-18.177734375,16.7763671875,
0.3825,4.484375,-19.859375,15.375,
0.383,7.1669921875,-20.5,13.5732421875,
0.3835,9.9296875,-20.66015625,11.2109375,
0.384,13.9736328125,-19.5390625,6.2060546875,
0.3845,16.9765625,-18.1376953125,1.921875,
0.385,19.3388671875,-16.4560546875,-2.162109375,
0.3855,20.66015625,-14.8544921875,-5.044921875,
0.386,20.66015625,-11.8916015625,-7.84765625,
0.3865,20.6201171875,-8.6884765625,-11.130859375,
0.387,19.779296875,-4.00390625,-14.8544921875,
0.3875,18.1376953125,0.640625,-17.8974609375,
0.388,16.416015625,4.083984375,-19.5791015625,
0.3885,14.654296875,6.88671875,-20.7001953125,
0.389,11.611328125,9.689453125,-20.580078125,
0.3895,6.40625,13.7333984375,-19.619140625,
0.39,1.8818359375,16.736328125,-18.2578125,
0.3905,-2.8828125,19.2587890625,-16.3759765625,
0.391,-5.8857421875,20.5400390625,-14.9345703125,
0.3915,-8.6884765625,20.6201171875,-12.3720703125,
0.392,-11.4912109375,20.5400390625,-9.76953125,
0.3925,-15.455078125,19.21875,-4.64453125,
0.393,-18.337890625,17.2568359375,0.2802734375,
0.3935,-20.01953125,15.53515625,3.5634765625,
0.394,-21.0205078125,13.693359375,6.3662109375,
0.3945,-20.8203125,10.6904296875,9.0888671875,
0.395,-20.33984375,6.4462890625,12.8125,
0.3955,-19.2587890625,2.2421875,16.015625,
0.396,-17.6171875,-2.2421875,18.8583984375,
0.3965,-15.8154296875,-5.3251953125,20.1796875,
0.397,-13.453125,-7.927734375,20.580078125,
0.3975,-10.6103515625,-10.810546875,20.6201171875,
0.398,-4.9248046875,-14.89453125,19.1787109375,
0.3985,0,-17.697265625,17.376953125,
0.399,3.84375,-19.6591796875,15.8154296875,
0.3995,6.56640625,-20.7802734375,14.4140625,
0.4,9.529296875,-20.5400390625,11.451171875,
0.4005,12.7724609375,-20.1396484375,7.9677734375,
0.401,16.095703125,-18.8984375,3.443359375,
0.4015,19.05859375,-16.7763671875,-1.4013671875,
0.402,20.2998046875,-15.21484375,-4.244140625,
0.4025,20.7802734375,-12.97265625,-6.966796875,
0.403,20.66015625,-10.08984375,-9.7294921875,
0.4035,19.779296875,-5.2451171875,-13.7333984375,
0.404,18.498046875,-1.041015625,-16.6162109375,
0.4045,16.896484375,2.8828125,-18.978515625,
0.405,15.21484375,5.7255859375,-20.2998046875,
0.4055,12.412109375,8.568359375,-20.1396484375,
0.406,8.80859375,11.771484375,-20.0595703125,
0.4065,3.5234375,15.4951171875,-18.6181640625,
0.407,-1.521484375,18.2177734375,-16.6162109375,
0.4075,-4.564453125,19.69921875,-15.2548828125,
0.408,-7.3271484375,20.580078125,-13.61328125,
0.4085,-10.169921875,20.33984375,-10.7705078125,
0.409,-13.8134765625,19.3388671875,-6.24609375,
0.4095,-16.9765625,17.9375,-1.9619140625,
0.41,-19.298828125,16.0556640625,2.40234375,
0.4105,-20.3798828125,14.3740234375,5.0048828125,
0.411,-20.5400390625,11.7314453125,7.8076171875,
0.4115,-20.4599609375,8.5283203125,10.8505859375,
0.412,-19.458984375,3.84375,14.654296875,
0.4125,-17.8173828125,-0.640625,17.4169921875,
0.413,-16.255859375,-3.84375,19.3388671875,
0.4135,-14.6142578125,-6.6865234375,20.419921875,
0.414,-11.4912109375,-9.4892578125,20.1396484375,
0.4145,-7.0068359375,-13.1328125,19.4990234375,
0.415,-2.0419921875,-16.416015625,18.0576171875,
0.4155,2.642578125,-18.9384765625,16.1357421875,
0.416,5.3251953125,-20.01953125,14.814453125,
0.4165,8.1279296875,-20.6201171875,12.65234375,
0.417,11.2109375,-20.2197265625,9.6494140625,
0.4175,14.7744140625,-19.0986328125,4.8046875,
0.418,17.857421875,-17.296875,0.3203125,
0.4185,19.859375,-15.6953125,-3.36328125,
0.419,20.580078125,-13.8134765625,-5.92578125,
0.4195,20.5400390625,-10.810546875,-8.9287109375,
0.42,20.1396484375,-6.88671875,-12.3720703125,
0.4205,19.1787109375,-2.5625,-15.7353515625,
0.421,17.537109375,1.9619140625,-18.5380859375,
0.4215,15.8154296875,4.8447265625,-19.8994140625,
0.422,13.61328125,7.6875,-20.5400390625,
0.4225,10.08984375,10.7705078125,-20.259765625,
0.423,4.96484375,14.494140625,-19.05859375,
0.4235,0.2001953125,17.537109375,-17.45703125,
0.424,-3.923828125,19.7392578125,-15.8154296875,
0.4245,-6.40625,20.5400390625,-14.173828125,
0.425,-9.5693359375,20.5,-11.5712890625,
0.4255,-12.97265625,20.01953125,-7.84765625,
0.426,-16.3759765625,18.658203125,-3.203125,
0.4265,-19.0185546875,16.6162109375,1.4814453125,
0.427,-20.5400390625,15.0146484375,4.564453125,
0.4275,-21.0205078125,12.732421875,7.287109375,
0.428,-20.8203125,9.4091796875,10.41015625,
0.4285,-19.9794921875,4.96484375,13.93359375,
0.429,-18.73828125,0.6806640625,17.0966796875,
0.4295,-17.0166015625,-3.4833984375,19.5390625,
0.43,-15.2548828125,-6.166015625,20.419921875,
0.4305,-12.65234375,-8.96875,20.7802734375,
0.431,-8.48828125,-12.5322265625,20.2998046875,
0.4315,-3.2431640625,-15.8955078125,18.658203125,
0.432,1.5615234375,-18.3779296875,16.81640625,
0.4325,5.044921875,-20.3798828125,15.375,
0.433,7.4072265625,-20.740234375,13.5732421875,
0.4335,10.5302734375,-20.580078125,10.6103515625,
0.434,14.013671875,-19.69921875,6.3662109375,
0.4345,17.1767578125,-18.09765625,1.76171875,
0.435,19.5390625,-16.17578125,-2.5625,
0.4355,20.580078125,-14.494140625,-5.205078125,
0.436,20.8603515625,-11.8515625,-8.0078125,
0.4365,20.4599609375,-8.2080078125,-11.4111328125,
0.437,19.5390625,-3.84375,-14.814453125,
0.4375,17.8974609375,0.560546875,-17.4970703125,
0.438,16.3759765625,4.1240234375,-19.7392578125,
0.4385,14.333984375,6.7666015625,-20.259765625,
0.439,11.4912109375,9.609375,-20.3798828125,
0.4395,6.88671875,13.373046875,-19.6591796875,
0.44,1.921875,16.576171875,-18.09765625,
0.4405,-2.72265625,18.9384765625,-15.9755859375,
0.441,-5.525390625,20.1396484375,-14.974609375,
0.4415,-8.328125,20.4599609375,-12.8125,
0.442,-11.291015625,20.1396484375,-9.369140625,
0.4425,-14.7744140625,19.0185546875,-5.044921875,
0.443,-17.77734375,17.296875,-0.3603515625,
0.4435,-19.8193359375,15.53515625,3.4833984375,
0.444,-20.419921875,13.5732421875,5.92578125,
0.4445,-20.6201171875,10.8505859375,8.80859375,
0.445,-20.1396484375,6.646484375,12.572265625,
0.4455,-19.0986328125,2.2822265625,15.7353515625,
0.446,-17.3369140625,-1.921875,18.2978515625,
0.4465,-16.0556640625,-5.044921875,20.1396484375,
0.447,-13.8134765625,-7.6875,20.5,
0.4475,-10.1298828125,-10.7705078125,20.2998046875,
0.448,-5.4853515625,-14.57421875,19.2587890625,
0.4485,-0.5205078125,-17.8974609375,17.6171875,
0.449,3.763671875,-19.8994140625,15.85546875,
0.4495,6.40625,-20.5,14.4140625,
0.45,9.208984375,-20.900390625,12.091796875,
0.4505,12.9326171875,-20.1796875,7.8076171875,
0.451,16.1357421875,-18.8984375,3.5234375,
0.4515,18.9384765625,-17.1767578125,-1.12109375,
0.452,20.740234375,-15.615234375,-4.5244140625,
0.4525,20.900390625,-13.052734375,-7.046875,
0.453,21.220703125,-9.849609375,-10.41015625,
0.4535,20.2998046875,-5.28515625,-14.09375,
0.454,18.978515625,-0.80078125,-17.3369140625,
0.4545,17.13671875,3.3232421875,-19.5390625,
0.455,15.53515625,6.2060546875,-20.8203125,
0.4555,12.7724609375,9.0087890625,-21.1806640625,
0.456,8.2880859375,12.9326171875,-20.4599609375,
0.4565,3.443359375,15.9755859375,-19.298828125,
0.457,-1.681640625,18.978515625,-17.3369140625,
0.4575,-5.28515625,20.8603515625,-15.7353515625,
0.458,-7.8876953125,21.140625,-13.61328125,
0.4585,-10.890625,21.3408203125,-11.0908203125,
0.459,-14.9345703125,20.1796875,-6.0458984375,
0.4595,-18.0576171875,18.5380859375,-1.2412109375,
0.46,-20.2197265625,16.65625,3.0029296875,
0.4605,-21.861328125,14.7744140625,6.0859375,
0.461,-21.78125,11.771484375,8.80859375,
0.4615,-21.541015625,7.9677734375,12.5322265625,
0.462,-20.3798828125,3.5234375,15.85546875,
0.4625,-18.8583984375,-1.28125,19.0185546875,
0.463,-16.9365234375,-5.0048828125,20.98046875,
0.4635,-14.734375,-7.8076171875,21.4609375,
0.464,-11.8916015625,-10.6103515625,21.78125,
0.4645,-6.24609375,-14.654296875,20.6201171875,
0.465,-1.361328125,-17.9375,18.73828125,
0.4655,3.0830078125,-20.259765625,16.9365234375,
0.466,6.5263671875,-21.7412109375,15.4150390625,
0.4665,9.4091796875,-21.5810546875,12.572265625,
0.467,12.412109375,-21.3408203125,9.5693359375,
0.4675,16.2958984375,-20.259765625,4.5244140625,
0.468,19.37890625,-18.2578125,-0.640625,
0.4685,21.1806640625,-16.015625,-4.083984375,
0.469,21.8212890625,-14.2138671875,-7.0068359375,
0.4695,21.9013671875,-11.1708984375,-9.849609375,
0.47,21.2607421875,-6.2861328125,-14.0537109375,
0.4705,19.8994140625,-2.08203125,-16.9365234375,
0.471,18.2578125,2.5224609375,-19.6591796875,
0.4715,16.3359375,5.8056640625,-21.5009765625,
0.472,13.5732421875,8.568359375,-21.4609375,
0.4725,10.41015625,11.771484375,-21.30078125,
0.473,4.9248046875,15.85546875,-20.0595703125,
0.4735,-0.4404296875,18.6982421875,-18.09765625,
0.474,-4.32421875,20.5400390625,-16.3359375,
0.4745,-7.20703125,21.701171875,-14.8544921875,
0.475,-10.3701171875,21.5009765625,-11.8916015625,
0.4755,-13.7333984375,20.7802734375,-7.4873046875,
0.476,-17.13671875,19.2587890625,-3.2431640625,
0.4765,-19.8994140625,17.296875,1.841796875,
0.477,-21.62109375,15.4150390625,5.0849609375,
0.4775,-21.5810546875,12.8125,7.7275390625,
0.478,-21.701171875,9.9697265625,10.650390625,
0.4785,-20.7001953125,4.8046875,14.814453125,
0.479,-19.37890625,0.4404296875,17.7373046875,
0.4795,-17.3369140625,-3.283203125,19.8994140625,
0.48,-15.8955078125,-6.4462890625,21.4609375,
0.4805,-12.7724609375,-9.369140625,21.1005859375,
0.481,-8.80859375,-12.732421875,20.8203125,
0.4815,-3.68359375,-16.3759765625,19.37890625,
0.482,1.6416015625,-19.21875,17.376953125,
0.4825,5.0849609375,-20.66015625,15.7353515625,
0.483,7.6875,-21.30078125,13.93359375,
0.4835,10.6103515625,-21.3408203125,11.2509765625,
0.484,14.734375,-19.8994140625,6.24609375,
0.4845,17.77734375,-18.4580078125,1.76171875,
0.485,19.9794921875,-16.9365234375,-2.5625,
0.4855,21.4609375,-15.0947265625,-5.525390625,
0.486,21.3408203125,-12.01171875,-8.3681640625,
0.4865,21.2607421875,-8.6884765625,-11.69140625,
0.487,20.259765625,-4.00390625,-15.53515625,
0.4875,18.5380859375,0.6806640625,-18.658203125,
0.488,16.7763671875,4.32421875,-20.2998046875,
0.4885,14.974609375,7.287109375,-21.30078125,
0.489,11.6513671875,10.0498046875,-21.1806640625,
0.4895,6.56640625,14.09375,-20.2197265625,
0.49,1.8818359375,17.2568359375,-18.7783203125,
0.4905,-3.0830078125,19.8994140625,-16.736328125,
0.491,-6.0859375,21.1005859375,-15.4150390625,
0.4915,-9.0888671875,21.1806640625,-12.6923828125,
0.492,-11.931640625,21.2607421875,-9.689453125,
0.4925,-16.17578125,19.69921875,-4.5244140625,
0.493,-19.0986328125,17.6171875,0.3603515625,
0.4935,-20.8203125,15.8955078125,3.923828125,
0.494,-21.861328125,14.013671875,6.8466796875,
0.4945,-21.78125,10.7705078125,9.7294921875,
0.495,-21.30078125,6.40625,13.5732421875,
0.4955,-19.939453125,2.001953125,16.896484375,
0.496,-18.2578125,-2.6826171875,19.779296875,
0.4965,-16.2958984375,-5.92578125,21.0205078125,
0.497,-14.0537109375,-8.6083984375,21.62109375,
0.4975,-10.73046875,-11.7314453125,21.5009765625,
0.498,-4.724609375,-15.775390625,19.9794921875,
0.4985,0.5205078125,-18.578125,18.0576171875,
0.499,4.32421875,-20.4599609375,16.416015625,
0.4995,7.20703125,-21.78125,14.734375,
0.5,10.3701171875,-21.541015625,11.53125,
0.5005,13.6533203125,-20.7802734375,7.9677734375,
0.501,17.376953125,-19.4189453125,3.04296875,
0.5015,20.0595703125,-17.3369140625,-1.9619140625,
0.502,21.3408203125,-15.4951171875,-4.884765625,
0.5025,22.021484375,-13.1728515625,-7.927734375,
0.503,21.6611328125,-10.2099609375,-10.890625,
0.5035,20.7001953125,-5.125,-15.0546875,
0.504,19.2587890625,-0.6806640625,-17.857421875,
0.5045,17.5771484375,3.6435546875,-20.1796875,
0.505,15.7353515625,6.5263671875,-21.541015625,
0.5055,12.4921875,9.5693359375,-21.380859375,
0.506,8.80859375,13.052734375,-21.140625,
0.5065,3.04296875,16.6962890625,-19.5791015625,
0.507,-2.08203125,19.6591796875,-17.1767578125,
0.5075,-5.28515625,20.98046875,-15.85546875,
0.508,-8.16796875,21.78125,-13.8134765625,
0.5085,-11.0908203125,21.5009765625,-10.73046875,
0.509,-14.8544921875,20.2998046875,-6.1259765625,
0.5095,-18.09765625,18.6982421875,-1.5615234375,
0.51,-20.6201171875,16.6162109375,3.123046875,
0.5105,-21.541015625,14.7744140625,5.8857421875,
0.511,-21.78125,11.771484375,8.8486328125,
0.5115,-21.541015625,8.408203125,12.01171875,
0.512,-20.419921875,3.443359375,15.9755859375,
0.5125,-18.818359375,-1.28125,18.7783203125,
0.513,-16.81640625,-4.7646484375,20.6201171875,
0.5135,-15.0947265625,-7.5673828125,21.62109375,
0.514,-11.53125,-10.5703125,21.220703125,
0.5145,-6.966796875,-14.4140625,20.4599609375,
0.515,-1.681640625,-17.6572265625,18.818359375,
0.5155,3.2431640625,-20.0595703125,16.7763671875,
0.516,6.0859375,-21.140625,15.2548828125,
0.5165,8.96875,-21.62109375,12.97265625,
0.517,12.091796875,-21.30078125,9.6494140625,
0.5175,15.9755859375,-19.859375,4.6044921875,
0.518,18.818359375,-18.1376953125,0,
0.5185,21.0205078125,-16.095703125,-3.8037109375,
0.519,21.7412109375,-14.1337890625,-6.7265625,
0.5195,21.6611328125,-10.890625,-10.08984375,
0.52,21.1005859375,-6.8466796875,-13.3330078125,
0.5205,20.1796875,-2.2822265625,-16.8564453125,
0.521,17.8974609375,2.3623046875,-19.5390625,
0.5215,16.255859375,5.4453125,-20.8603515625,
0.522,14.2138671875,8.408203125,-21.62109375,
0.5225,10.2099609375,11.6513671875,-20.98046875,
0.523,4.96484375,15.294921875,-19.7392578125,
0.5235,0,18.3779296875,-18.017578125,
0.524,-4.5244140625,20.580078125,-16.0556640625,
0.5245,-7.3271484375,21.2607421875,-14.4541015625,
0.525,-10.25,21.3408203125,-11.7314453125,
0.5255,-13.61328125,20.7802734375,-7.927734375,
0.526,-16.8564453125,19.21875,-3.0830078125,
0.5265,-19.8193359375,17.13671875,1.921875,
0.527,-21.380859375,15.3349609375,5.0048828125,
0.5275,-21.8212890625,12.97265625,7.84765625,
0.528,-21.62109375,9.4892578125,11.0107421875,
0.5285,-20.8203125,5.044921875,14.6943359375,
0.529,-19.37890625,0.560546875,17.8173828125,
0.5295,-17.6171875,-3.84375,20.259765625,
0.53,-15.4150390625,-6.326171875,21.1005859375,
0.5305,-12.892578125,-9.4091796875,21.4609375,
0.531,-8.6884765625,-12.9326171875,20.8603515625,
0.5315,-3.3232421875,-16.3759765625,19.1787109375,
0.532,1.5615234375,-18.9384765625,17.296875,
0.5325,5.1650390625,-20.98046875,15.6552734375,
0.533,7.84765625,-21.1806640625,13.7333984375,
0.5335,10.9306640625,-21.0205078125,10.73046875,
0.534,14.2939453125,-20.1796875,6.4462890625,
0.5345,17.6171875,-18.578125,1.681640625,
0.535,20.0595703125,-16.5361328125,-2.6826171875,
0.5355,21.1005859375,-14.7744140625,-5.4052734375,
0.536,21.380859375,-12.1318359375,-8.16796875,
0.5365,20.98046875,-8.5283203125,-11.771484375,
0.537,19.939453125,-3.923828125,-15.0947265625,
0.5375,18.2177734375,0.3603515625,-17.9775390625,
0.538,16.6962890625,4.244140625,-20.1396484375,
0.5385,14.57421875,6.9267578125,-20.7001953125,
0.539,11.69140625,9.76953125,-20.7802734375,
0.5395,7.046875,13.5732421875,-20.0595703125,
0.54,1.921875,16.7763671875,-18.2177734375,
0.5405,-2.6025390625,19.21875,-16.3759765625,
0.541,-5.60546875,20.5,-15.0947265625,
0.5415,-8.2080078125,20.8603515625,-13.0126953125,
0.542,-11.4912109375,20.5400390625,-9.4091796875,
0.5425,-15.0546875,19.3388671875,-5.0849609375,
0.543,-18.09765625,17.6171875,-0.48046875,
0.5435,-20.259765625,15.7353515625,3.5234375,
0.544,-20.8603515625,13.8134765625,6.166015625,
0.5445,-20.9404296875,11.0107421875,8.96875,
0.545,-20.580078125,6.7265625,12.7724609375,
0.5455,-19.298828125,2.482421875,15.9755859375,
0.546,-17.697265625,-1.7216796875,18.498046875,
0.5465,-16.2958984375,-5.0849609375,20.3798828125,
0.547,-13.9736328125,-7.7275390625,20.7802734375,
0.5475,-10.41015625,-10.8505859375,20.4599609375,
0.548,-5.6455078125,-14.4140625,19.37890625,
0.5485,-0.3603515625,-17.5771484375,17.6572265625,
0.549,3.763671875,-19.619140625,15.935546875,
0.5495,6.24609375,-20.3798828125,14.494140625,
0.55,9.12890625,-20.8603515625,12.171875,
0.5505,12.732421875,-20.1396484375,7.9677734375,
0.551,15.935546875,-18.8583984375,3.68359375,
0.5515,18.6181640625,-17.056640625,-0.80078125,
0.552,20.5,-15.4150390625,-4.1240234375,
0.5525,20.8603515625,-13.052734375,-6.7666015625,
0.553,20.8203125,-10.009765625,-9.9296875,
0.5535,19.9794921875,-5.60546875,-13.5732421875,
0.554,18.8583984375,-1.12109375,-16.65625,
0.5545,17.0166015625,2.8427734375,-18.978515625,
0.555,15.455078125,5.6455078125,-20.259765625,
0.5555,12.892578125,8.4482421875,-20.580078125,
0.556,8.568359375,12.01171875,-20.33984375,
0.5565,4.00390625,15.3349609375,-18.73828125,
0.557,-1.041015625,18.09765625,-16.9765625,
0.5575,-4.724609375,20.01953125,-15.0947265625,
0.558,-7.20703125,20.3798828125,-13.533203125,
0.5585,-9.9697265625,20.580078125,-11.2509765625,
0.559,-13.853515625,19.5791015625,-6.486328125,
0.5595,-16.9365234375,17.9375,-1.921875,
0.56,-19.21875,16.17578125,2.2421875,
0.5605,-20.7001953125,14.6142578125,5.125,
0.561,-20.66015625,11.9716796875,7.8076171875,
0.5615,-20.580078125,8.16796875,11.1708984375,
0.562,-19.619140625,4.083984375,14.4541015625,
0.5625,-18.2177734375,-0.4404296875,17.6171875,
0.563,-16.49609375,-4.1240234375,19.5791015625,
0.5635,-14.6142578125,-6.56640625,20.2197265625,
0.564,-12.0517578125,-9.1689453125,20.6201171875,
0.5645,-6.966796875,-13.453125,19.619140625,
0.565,-2.2421875,-16.3359375,18.0576171875,
0.5655,2.162109375,-18.658203125,16.3359375,
0.566,5.4052734375,-20.3798828125,15.0546875,
0.5665,8.0078125,-20.419921875,12.65234375,
0.567,11.0107421875,-20.2998046875,9.8095703125,
0.5675,14.734375,-19.298828125,5.3251953125,
0.568,17.77734375,-17.296875,0.6005859375,
0.5685,19.779296875,-15.775390625,-3.123046875,
0.569,20.7001953125,-13.9736328125,-5.7255859375,
0.5695,20.740234375,-11.451171875,-8.6484375,
0.57,20.1796875,-6.8466796875,-12.4921875,
0.5705,19.0986328125,-2.8427734375,-15.4150390625,
0.571,17.6171875,1.4013671875,-18.1376953125,
0.5715,16.095703125,4.8447265625,-20.01953125,
0.572,13.5732421875,7.607421875,-20.01953125,
0.5725,10.7705078125,10.3701171875,-20.419921875,
0.573,5.4453125,14.25390625,-19.458984375,
0.5735,0.3603515625,17.3369140625,-17.4169921875,
0.574,-3.443359375,19.2587890625,-15.8955078125,
0.5745,-6.326171875,20.6201171875,-14.6142578125,
0.575,-9.12890625,20.6201171875,-12.01171875,
0.5755,-12.65234375,19.8994140625,-8.0478515625,
0.576,-15.8955078125,18.8984375,-3.6435546875,
0.5765,-18.8583984375,16.896484375,1.0009765625,
0.577,-20.2197265625,15.294921875,4.2841796875,
0.5775,-20.7001953125,12.8525390625,6.7666015625,
0.578,-20.9404296875,10.2099609375,9.7294921875,
0.5785,-20.099609375,5.2451171875,13.853515625,
0.579,-18.6982421875,0.9208984375,16.81640625,
0.5795,-17.0966796875,-2.8828125,18.9384765625,
0.58,-15.6953125,-5.765625,20.7001953125,
0.5805,-12.572265625,-8.6083984375,20.4599609375,
0.581,-8.9287109375,-12.251953125,20.1396484375,
0.5815,-3.923828125,-15.53515625,18.978515625,
0.582,1.28125,-18.41796875,16.9365234375,
0.5825,4.6044921875,-20.01953125,15.4150390625,
0.583,7.287109375,-20.66015625,13.693359375,
0.5835,10.0498046875,-20.8603515625,11.2109375,
0.584,14.173828125,-19.4990234375,6.2861328125,
0.5845,16.896484375,-18.2978515625,1.9619140625,
0.585,19.37890625,-16.4560546875,-2.2421875,
0.5855,20.7802734375,-14.89453125,-5.125,
0.586,20.7001953125,-12.01171875,-7.84765625,
0.5865,20.66015625,-8.7685546875,-11.05078125,
0.587,19.8193359375,-4.1640625,-14.7744140625,
0.5875,18.177734375,0.6005859375,-17.5771484375,
0.588,16.3759765625,3.763671875,-19.619140625,
0.5885,14.9345703125,6.8466796875,-20.66015625,
0.589,11.8115234375,9.4091796875,-20.98046875,
0.5895,6.6865234375,13.453125,-19.6591796875,
0.59,2.2021484375,16.4560546875,-18.2978515625,
0.5905,-2.642578125,19.05859375,-16.416015625,
0.591,-5.6455078125,20.419921875,-15.0146484375,
0.5915,-8.3681640625,20.4599609375,-12.6123046875,
0.592,-11.05078125,20.580078125,-9.9296875,
0.5925,-15.21484375,19.05859375,-5.0048828125,
0.593,-18.0576171875,17.13671875,0,
0.5935,-19.859375,15.53515625,3.2431640625,
0.594,-20.8603515625,13.7734375,6.0458984375,
0.5945,-20.66015625,10.890625,8.6884765625,
0.595,-20.1396484375,6.6865234375,12.4521484375,
0.5955,-19.1787109375,2.482421875,15.4951171875,
0.596,-17.6171875,-1.8017578125,18.498046875,
0.5965,-15.85546875,-4.8447265625,19.9794921875,
0.597,-13.693359375,-7.5673828125,20.33984375,
0.5975,-10.890625,-10.41015625,20.5,
0.598,-5.205078125,-14.494140625,19.138671875,
0.5985,-0.4404296875,-17.3369140625,17.376953125,
0.599,3.36328125,-19.298828125,15.85546875,
0.5995,6.2060546875,-20.5,14.4140625,
0.6,8.888671875,-20.5,11.6513671875,
0.6005,12.171875,-20.1796875,8.16796875,
0.601,15.6552734375,-18.73828125,3.763671875,
0.6015,18.498046875,-16.736328125,-1.0810546875,
0.602,19.859375,-15.0947265625,-3.84375,
0.6025,20.419921875,-12.97265625,-6.56640625,
0.603,20.3798828125,-10.2900390625,-9.1689453125,
0.6035,19.5791015625,-5.205078125,-13.212890625,
0.604,18.498046875,-1.28125,-16.095703125,
0.6045,16.81640625,2.642578125,-18.2578125,
0.605,15.3349609375,5.4453125,-19.939453125,
0.6055,12.412109375,8.16796875,-19.859375,
0.606,9.0888671875,11.37109375,-19.8994140625,
0.6065,3.84375,15.0947265625,-18.578125,
0.607,-1.28125,17.8974609375,-16.5361328125,
0.6075,-4.2841796875,19.4189453125,-14.9345703125,
0.608,-6.9267578125,20.259765625,-13.8134765625,
0.6085,-9.689453125,20.1796875,-11.1708984375,
0.609,-13.453125,19.1787109375,-6.4462890625,
0.6095,-16.5361328125,17.857421875,-2.2421875,
0.61,-19.0986328125,15.9755859375,2.2021484375,
0.6105,-20.2197265625,14.3740234375,4.8046875,
0.611,-20.3798828125,11.771484375,7.607421875,
0.6115,-20.5400390625,8.7685546875,10.6103515625,
0.612,-19.4189453125,3.923828125,14.4140625,
0.6125,-17.8173828125,-0.48046875,17.296875,
0.613,-16.416015625,-3.8037109375,19.21875,
0.6135,-14.89453125,-6.5263671875,20.4599609375,
0.614,-11.611328125,-9.369140625,20.1796875,
0.6145,-7.126953125,-13.0927734375,19.5791015625,
0.615,-2.2421875,-16.3759765625,18.2177734375,
0.6155,2.5625,-19.21875,16.2158203125,
0.616,5.1650390625,-20.2998046875,14.89453125,
0.6165,8.16796875,-20.66015625,12.7724609375,
0.617,11.0908203125,-20.4599609375,9.849609375,
0.6175,14.8544921875,-19.21875,4.884765625,
0.618,17.8173828125,-17.45703125,0.4404296875,
0.6185,19.859375,-15.7353515625,-3.3232421875,
0.619,20.66015625,-13.93359375,-5.8857421875,
0.6195,20.4599609375,-10.970703125,-8.8486328125,
0.62,20.33984375,-6.9267578125,-12.3720703125,
0.6205,19.1787109375,-2.6025390625,-15.5751953125,
0.621,17.4169921875,1.9619140625,-18.498046875,
0.6215,15.8154296875,4.884765625,-19.859375,
0.622,13.7734375,7.6474609375,-20.66015625,
0.6225,10.2900390625,10.73046875,-20.3798828125,
0.623,5.0849609375,14.494140625,-19.0986328125,
0.6235,0.2802734375,17.4169921875,-17.45703125,
0.624,-4.00390625,19.5390625,-16.015625,
0.6245,-6.40625,20.4599609375,-14.3740234375,
0.625,-9.44921875,20.4599609375,-11.5712890625,
0.6255,-12.65234375,20.01953125,-8.16796875,
0.626,-16.0556640625,18.6181640625,-3.36328125,
0.6265,-18.7783203125,16.6162109375,1.28125,
0.627,-20.259765625,15.0146484375,4.2841796875,
0.6275,-20.9404296875,12.7724609375,6.9267578125,
0.628,-20.3798828125,9.689453125,9.8896484375,
0.6285,-19.779296875,5.1650390625,13.5732421875,
0.629,-18.578125,0.9609375,16.65625,
0.6295,-16.9765625,-3.203125,19.1787109375,
0.63,-15.21484375,-5.8056640625,20.099609375,
0.6305,-12.6923828125,-8.6083984375,20.4599609375,
0.631,-8.9287109375,-11.931640625,20.1396484375,
0.6315,-3.443359375,-15.294921875,18.5380859375,
0.632,1.201171875,-18.1376953125,16.6962890625,
0.6325,4.6044921875,-19.8994140625,15.294921875,
0.633,7.0869140625,-20.5,13.5732421875,
0.6335,10.0498046875,-20.3798828125,10.6904296875,
0.634,13.533203125,-19.5390625,6.646484375,
0.6345,16.736328125,-18.0576171875,2.08203125,
0.635,19.1787109375,-16.17578125,-2.2822265625,
0.6355,20.2998046875,-14.57421875,-4.884765625,
0.636,20.5400390625,-12.01171875,-7.7275390625,
0.6365,20.259765625,-8.6083984375,-10.8505859375,
0.637,19.2587890625,-4.1240234375,-14.2939453125,
0.6375,17.8173828125,0.2001953125,-17.13671875,
0.638,16.3759765625,3.84375,-19.37890625,
0.6385,14.4541015625,6.40625,-20.099609375,
0.639,11.53125,9.2490234375,-20.1396484375,
0.6395,7.1669921875,12.8525390625,-19.4990234375,
0.64,2.162109375,16.17578125,-17.7373046875,
0.6405,-2.4423828125,18.5380859375,-16.0556640625,
0.641,-5.205078125,19.859375,-14.814453125,
0.6415,-7.9677734375,20.2998046875,-12.8125,
0.642,-10.970703125,19.9794921875,-9.609375,
0.6425,-14.4541015625,18.8984375,-5.1650390625,
0.643,-17.4970703125,17.216796875,-0.6806640625,
0.6435,-19.619140625,15.53515625,3.2431640625,
0.644,-20.2998046875,13.6533203125,5.60546875,
0.6445,-20.5,10.890625,8.6083984375,
0.645,-20.0595703125,6.88671875,12.171875,
0.6455,-18.978515625,2.5224609375,15.455078125,
0.646,-17.3369140625,-1.6416015625,17.9775390625,
0.6465,-15.9755859375,-4.7646484375,19.779296875,
0.647,-13.8935546875,-7.3671875,20.2998046875,
0.6475,-10.330078125,-10.3701171875,20.1396484375,
0.648,-5.685546875,-13.93359375,19.05859375,
0.6485,-0.640625,-17.13671875,17.4169921875,
0.649,3.5234375,-19.2587890625,15.6953125,
0.6495,5.9658203125,-20.1396484375,14.25390625,
0.65,8.8486328125,-20.4599609375,11.9716796875,
0.6505,12.2919921875,-19.8193359375,8.0478515625,
0.651,15.4951171875,-18.5380859375,3.68359375,
0.6515,18.2177734375,-16.736328125,-0.7607421875,
0.652,20.1396484375,-15.21484375,-4.083984375,
0.6525,20.419921875,-12.97265625,-6.56640625,
0.653,20.4599609375,-9.9296875,-9.6494140625,
0.6535,19.7392578125,-5.6455078125,-13.2529296875,
0.654,18.5380859375,-1.28125,-16.4560546875,
0.6545,16.81640625,2.802734375,-18.7783203125,
0.655,15.2548828125,5.525390625,-19.8994140625,
0.6555,12.8125,8.3681640625,-20.3798828125,
0.656,8.568359375,11.931640625,-19.939453125,
0.6565,3.9638671875,15.0546875,-18.6181640625,
0.657,-1.0009765625,17.857421875,-16.7763671875,
0.6575,-4.564453125,19.5791015625,-15.2548828125,
0.658,-6.9267578125,19.859375,-13.29296875,
0.6585,-9.689453125,19.8994140625,-10.810546875,
0.659,-13.3330078125,18.818359375,-6.3662109375,
0.6595,-16.3759765625,17.216796875,-1.681640625,
0.66,-18.578125,15.375,2.2421875,
0.6605,-19.8994140625,13.7734375,5.1650390625,
0.661,-19.9794921875,11.2509765625,7.7275390625,
0.6615,-19.7392578125,7.6474609375,11.130859375,
0.662,-18.73828125,3.5634765625,14.173828125,
0.6625,-17.376953125,-0.720703125,17.13671875,
0.663,-15.775390625,-4.244140625,19.138671875,
0.6635,-13.8134765625,-6.6865234375,19.619140625,
0.664,-11.4111328125,-9.3291015625,19.9794921875,
0.6645,-6.56640625,-13.1728515625,19.1787109375,
0.665,-1.8017578125,-16.1357421875,17.537109375,
0.6655,2.3623046875,-18.337890625,15.85546875,
0.666,5.4853515625,-19.939453125,14.57421875,
0.6665,8.087890625,-20.01953125,12.2919921875,
0.667,11.0107421875,-19.8994140625,9.2490234375,
0.6675,14.57421875,-18.8984375,4.96484375,
0.668,17.697265625,-17.0966796875,0.240234375,
0.6685,19.5390625,-15.4150390625,-3.3232421875,
0.669,20.2998046875,-13.4931640625,-5.92578125,
0.6695,20.4599609375,-10.890625,-8.6884765625,
0.67,19.859375,-6.40625,-12.572265625,
0.6705,18.6982421875,-2.322265625,-15.455078125,
0.671,17.13671875,1.9619140625,-18.1376953125,
0.6715,15.615234375,5.2451171875,-19.9794921875,
0.672,13.052734375,7.6875,-20.0595703125,
0.6725,10.08984375,10.6103515625,-20.099609375,
0.673,4.96484375,14.4541015625,-19.0185546875,
0.6735,-0.16015625,17.4169921875,-17.1767578125,
0.674,-3.9638671875,19.3388671875,-15.4150390625,
0.6745,-6.6865234375,20.4599609375,-14.09375,
0.675,-9.529296875,20.580078125,-11.3310546875,
0.6755,-12.8125,19.779296875,-7.6474609375,
0.676,-15.9755859375,18.5380859375,-3.4833984375,
0.6765,-18.7783203125,16.65625,1.2412109375,
0.677,-20.4599609375,15.0146484375,4.484375,
0.6775,-20.66015625,12.65234375,7.0068359375,
0.678,-20.8603515625,9.9697265625,9.849609375,
0.6785,-20.01953125,5.125,13.7734375,
0.679,-18.658203125,1.0810546875,16.896484375,
0.6795,-17.0166015625,-2.8828125,18.8984375,
0.68,-15.5751953125,-5.765625,20.580078125,
0.6805,-12.7724609375,-8.6083984375,20.4599609375,
0.681,-8.8486328125,-12.01171875,20.1396484375,
0.6815,-4.083984375,-15.4150390625,18.8984375,
0.682,1.0810546875,-18.2978515625,17.0166015625,
0.6825,4.5244140625,-20.01953125,15.4951171875,
0.683,7.2470703125,-20.4599609375,13.7734375,
0.6835,9.9296875,-20.8603515625,11.3310546875,
0.684,14.013671875,-19.7392578125,6.40625,
0.6845,17.0166015625,-18.2578125,2.001953125,
0.685,19.458984375,-16.5361328125,-2.1220703125,
0.6855,20.900390625,-14.89453125,-5.125,
0.686,20.8203125,-12.0517578125,-7.9677734375,
0.6865,20.9404296875,-8.6083984375,-11.1708984375,
0.687,19.8994140625,-4.1240234375,-14.6943359375,
0.6875,18.3779296875,0.640625,-18.09765625,
0.688,16.4560546875,4.0439453125,-19.8994140625,
0.6885,14.7744140625,7.0068359375,-21.0205078125,
0.689,11.8916015625,9.8896484375,-21.140625,
0.6895,6.5263671875,14.0537109375,-20.099609375,
0.69,1.921875,17.056640625,-18.658203125,
0.6905,-3.0029296875,19.69921875,-16.65625,
0.691,-6.24609375,21.1806640625,-15.1748046875,
0.6915,-9.12890625,21.140625,-12.5322265625,
0.692,-12.01171875,21.140625,-9.8896484375,
0.6925,-16.0556640625,19.8193359375,-4.64453125,
0.693,-19.1787109375,17.77734375,0.48046875,
0.6935,-20.98046875,15.9755859375,4.0439453125,
0.694,-21.9814453125,14.013671875,6.966796875,
0.6945,-21.62109375,11.05078125,10.009765625,
0.695,-21.140625,6.40625,13.6533203125,
0.6955,-19.9794921875,2.0419921875,16.896484375,
0.696,-18.2177734375,-2.5625,19.8994140625,
0.6965,-16.3359375,-6.005859375,21.30078125,
0.697,-13.8134765625,-8.728515625,21.62109375,
0.6975,-10.7705078125,-11.7314453125,21.6611328125,
0.698,-4.7646484375,-15.8955078125,20.099609375,
0.6985,0.3603515625,-18.7783203125,18.09765625,
0.699,4.404296875,-20.7802734375,16.3759765625,
0.6995,7.3671875,-21.94140625,14.7744140625,
0.7,10.5302734375,-21.5810546875,11.53125,
0.7005,13.7734375,-21.0205078125,7.927734375,
0.701,17.296875,-19.619140625,3.123046875,
0.7015,20.2197265625,-17.376953125,-2.001953125,
0.702,21.5009765625,-15.53515625,-5.044921875,
0.7025,21.9013671875,-13.29296875,-7.8876953125,
0.703,21.7412109375,-10.1298828125,-10.73046875,
0.7035,20.740234375,-5.0048828125,-14.89453125,
0.704,19.3388671875,-0.640625,-17.77734375,
0.7045,17.537109375,3.5234375,-20.1396484375,
0.705,15.6552734375,6.56640625,-21.4208984375,
0.7055,12.412109375,9.529296875,-21.140625,
0.706,8.9287109375,12.732421875,-21.0205078125,
0.7065,3.3232421875,16.49609375,-19.4990234375,
0.707,-2.0419921875,19.298828125,-17.216796875,
0.7075,-5.2451171875,20.7001953125,-15.6953125,
0.708,-8.0478515625,21.5009765625,-13.8935546875,
0.7085,-10.970703125,21.220703125,-10.890625,
0.709,-14.734375,20.0595703125,-6.166015625,
0.7095,-17.8173828125,18.5380859375,-1.76171875,
0.71,-20.33984375,16.5361328125,2.8427734375,
0.7105,-21.4609375,14.6943359375,5.60546875,
0.711,-21.3408203125,11.8115234375,8.48828125,
0.7115,-21.1806640625,8.6884765625,11.451171875,
0.712,-20.2197265625,3.7236328125,15.455078125,
0.7125,-18.41796875,-0.9609375,18.2578125,
0.713,-16.81640625,-4.3642578125,20.1396484375,
0.7135,-15.0947265625,-7.1669921875,21.30078125,
0.714,-11.69140625,-10.08984375,20.9404296875,
0.7145,-7.126953125,-13.7734375,20.2197265625,
0.715,-2.1220703125,-17.0966796875,18.7783203125,
0.7155,2.8427734375,-19.69921875,16.6962890625,
0.716,5.7255859375,-20.8203125,15.21484375,
0.7165,8.568359375,-21.1806640625,12.97265625,
0.717,11.53125,-21.0205078125,10.0498046875,
0.7175,15.4150390625,-19.69921875,4.96484375,
0.718,18.41796875,-17.8974609375,0.3203125,
0.7185,20.4599609375,-16.1357421875,-3.4833984375,
0.719,21.30078125,-14.2138671875,-6.166015625,
0.7195,21.2607421875,-11.05078125,-9.2490234375,
0.72,20.8603515625,-7.126953125,-12.8125,
0.7205,19.779296875,-2.72265625,-16.17578125,
0.721,17.9375,2.0419921875,-19.0986328125,
0.7215,16.1357421875,5.1650390625,-20.5,
0.722,14.09375,8.0078125,-21.2607421875,
0.7225,10.5302734375,11.130859375,-21.0205078125,
0.723,5.125,15.0146484375,-19.7392578125,
0.7235,0.2802734375,18.017578125,-18.09765625,
0.724,-4.1640625,20.33984375,-16.255859375,
0.7245,-6.9267578125,21.1806640625,-14.57421875,
0.725,-10.009765625,21.1806640625,-11.69140625,
0.7255,-13.212890625,20.740234375,-8.2880859375,
0.726,-16.81640625,19.21875,-3.3232421875,
0.7265,-19.619140625,17.13671875,1.6015625,
0.727,-21.1806640625,15.375,4.8046875,
0.7275,-21.78125,13.052734375,7.6875,
0.728,-21.5009765625,9.7294921875,10.8505859375,
0.7285,-20.66015625,5.0048828125,14.57421875,
0.729,-19.37890625,0.6005859375,17.7373046875,
0.7295,-17.6171875,-3.8037109375,20.33984375,
0.73,-15.53515625,-6.4462890625,21.2607421875,
0.7305,-12.892578125,-9.529296875,21.541015625,
0.731,-8.9287109375,-13.0126953125,21.1806640625,
0.7315,-3.36328125,-16.65625,19.458984375,
0.732,1.681640625,-19.3388671875,17.4169921875,
0.7325,5.3251953125,-21.140625,15.935546875,
0.733,8.087890625,-21.701171875,13.93359375,
0.7335,11.2109375,-21.5009765625,10.810546875,
0.734,14.7744140625,-20.5400390625,6.4462890625,
0.7345,18.09765625,-18.9384765625,1.6416015625,
0.735,20.6201171875,-16.81640625,-2.962890625,
0.7355,21.62109375,-14.9345703125,-5.765625,
0.736,21.861328125,-12.251953125,-8.728515625,
0.7365,21.5810546875,-8.4482421875,-12.2119140625,
0.737,20.419921875,-3.763671875,-15.6953125,
0.7375,18.73828125,0.80078125,-18.578125,
0.738,17.0966796875,4.6845703125,-21.0205078125,
0.7385,14.7744140625,7.447265625,-21.4208984375,
0.739,11.7314453125,10.4501953125,-21.4208984375,
0.7395,7.0869140625,14.1337890625,-20.740234375,
0.74,1.76171875,17.537109375,-18.978515625,
0.7405,-3.1630859375,19.8994140625,-16.81640625,
0.741,-6.1259765625,21.2607421875,-15.4150390625,
0.7415,-8.9287109375,21.62109375,-13.1328125,
0.742,-12.2119140625,21.1005859375,-9.609375,
0.7425,-15.7353515625,19.859375,-4.96484375,
0.743,-18.8583984375,18.0576171875,-0.16015625,
0.7435,-21.0205078125,16.095703125,3.9638671875,
0.744,-21.5009765625,13.9736328125,6.5263671875,
0.7445,-21.701171875,11.0107421875,9.609375,
0.745,-21.140625,6.806640625,13.2529296875,
0.7455,-19.939453125,2.322265625,16.576171875,
0.746,-18.017578125,-1.9619140625,19.21875,
0.7465,-16.5361328125,-5.4052734375,20.9404296875,
0.747,-14.09375,-8.16796875,21.380859375,
0.7475,-10.4501953125,-11.3310546875,21.0205078125,
0.748,-5.6455078125,-14.9345703125,19.9794921875,
0.7485,-0.3603515625,-18.1376953125,18.1376953125,
0.749,4.00390625,-20.259765625,16.255859375,
0.7495,6.6865234375,-20.8203125,14.734375,
0.75,9.609375,-21.4208984375,12.171875,
0.7505,13.1728515625,-20.7001953125,8.16796875,
0.751,16.49609375,-19.3388671875,3.6435546875,
0.7515,19.21875,-17.4169921875,-1.0009765625,
0.752,21.1005859375,-15.7353515625,-4.5244140625,
0.7525,21.380859375,-13.3330078125,-7.20703125,
0.753,21.380859375,-10.1298828125,-10.3701171875,
0.7535,20.5400390625,-5.6455078125,-14.09375,
0.754,19.3388671875,-1.1611328125,-17.376953125,
0.7545,17.4169921875,3.1630859375,-19.69921875,
0.755,15.775390625,5.9658203125,-20.900390625,
0.7555,13.1328125,8.9287109375,-21.3408203125,
0.756,8.6884765625,12.572265625,-20.7001953125,
0.7565,3.8837890625,15.85546875,-19.37890625,
0.757,-1.2412109375,18.73828125,-17.4970703125,
0.7575,-5.0849609375,20.7001953125,-15.85546875,
0.758,-7.6875,21.060546875,-13.8134765625,
0.7585,-10.5302734375,21.1806640625,-11.291015625,
0.759,-14.4541015625,20.1796875,-6.56640625,
0.7595,-17.5771484375,18.5380859375,-1.8818359375,
0.76,-19.939453125,16.5361328125,2.40234375,
0.7605,-21.3408203125,14.8544921875,5.4453125,
0.761,-21.4609375,12.171875,8.2880859375,
0.7615,-21.220703125,8.2880859375,11.8115234375,
0.762,-20.1396484375,4.00390625,15.134765625,
0.7625,-18.73828125,-0.640625,18.2578125,
0.763,-16.9365234375,-4.4443359375,20.3798828125,
0.7635,-14.89453125,-7.0068359375,20.9404296875,
0.764,-12.251953125,-9.8095703125,21.2607421875,
0.7645,-7.0869140625,-13.853515625,20.2998046875,
0.765,-2.1220703125,-16.8564453125,18.5380859375,
0.7655,2.3623046875,-19.21875,16.7763671875,
0.766,5.685546875,-20.8603515625,15.375,
0.7665,8.2880859375,-20.900390625,12.9326171875,
0.767,11.3310546875,-20.7001953125,9.9296875,
0.7675,15.0546875,-19.69921875,5.365234375,
0.768,18.177734375,-17.8974609375,0.6005859375,
0.7685,20.1396484375,-16.0556640625,-3.203125,
0.769,20.900390625,-14.173828125,-5.8056640625,
0.7695,21.1005859375,-11.4912109375,-8.6884765625,
0.77,20.5400390625,-7.0068359375,-12.6923828125,
0.7705,19.37890625,-2.8828125,-15.6552734375,
0.771,17.857421875,1.44140625,-18.337890625,
0.7715,16.2958984375,4.9248046875,-20.3798828125,
0.772,13.7734375,7.52734375,-20.4599609375,
0.7725,10.8505859375,10.3701171875,-20.580078125,
0.773,5.7255859375,14.333984375,-19.5791015625,
0.7735,0.80078125,17.296875,-17.8173828125,
0.774,-3.36328125,19.298828125,-16.015625,
0.7745,-6.166015625,20.5,-14.6943359375,
0.775,-9.0087890625,20.6201171875,-12.1318359375,
0.7755,-12.412109375,19.8994140625,-8.2080078125,
0.776,-15.6552734375,18.818359375,-4.00390625,
0.7765,-18.5380859375,16.9365234375,0.6806640625,
0.777,-20.2998046875,15.2548828125,4.083984375,
0.7775,-20.5400390625,12.97265625,6.56640625,
0.778,-20.8203125,10.330078125,9.44921875,
0.7785,-20.01953125,5.525390625,13.453125,
0.779,-18.73828125,1.28125,16.49609375,
0.7795,-17.13671875,-2.5625,18.6982421875,
0.78,-15.7353515625,-5.60546875,20.3798828125,
0.7805,-12.97265625,-8.328125,20.3798828125,
0.781,-9.048828125,-11.69140625,20.01953125,
0.7815,-4.4443359375,-15.0947265625,18.8984375,
0.782,0.7607421875,-18.017578125,17.0166015625,
0.7825,4.1640625,-19.7392578125,15.4951171875,
0.783,6.6865234375,-20.33984375,13.8134765625,
0.7835,9.44921875,-20.580078125,11.53125,
0.784,13.453125,-19.5791015625,6.6865234375,
0.7845,16.4560546875,-18.2177734375,2.482421875,
0.785,18.9384765625,-16.416015625,-1.5615234375,
0.7855,20.33984375,-14.9345703125,-4.564453125,
0.786,20.33984375,-12.251953125,-7.20703125,
0.7865,20.33984375,-9.0087890625,-10.4501953125,
0.787,19.5791015625,-4.64453125,-14.09375,
0.7875,18.1376953125,-0.16015625,-17.1767578125,
0.788,16.49609375,3.36328125,-18.978515625,
0.7885,14.8544921875,6.0859375,-20.099609375,
0.789,12.2119140625,8.8486328125,-20.3798828125,
0.7895,7.0869140625,12.8525390625,-19.458984375,
0.79,2.6826171875,15.8154296875,-18.177734375,
0.7905,-1.9619140625,18.498046875,-16.3759765625,
0.791,-5.125,20.01953125,-15.0947265625,
0.7915,-7.6875,20.099609375,-12.8125,
0.792,-10.4501953125,20.2197265625,-10.41015625,
0.7925,-14.4140625,19.138671875,-5.4453125,
0.793,-17.45703125,17.2568359375,-0.80078125,
0.7935,-19.3388671875,15.7353515625,2.6826171875,
0.794,-20.5,14.0537109375,5.4453125,
0.7945,-20.4599609375,11.2509765625,8.16796875,
0.795,-20.0595703125,7.046875,12.01171875,
0.7955,-19.138671875,3.04296875,15.0947265625,
0.796,-17.697265625,-1.3212890625,18.017578125,
0.7965,-16.0556640625,-4.6044921875,19.69921875,
0.797,-13.853515625,-7.0869140625,20.099609375,
0.7975,-11.2509765625,-9.9697265625,20.419921875,
0.798,-5.60546875,-14.1337890625,19.0986328125,
0.7985,-0.7607421875,-16.9765625,17.4169921875,
0.799,3.04296875,-19.0986328125,15.935546875,
0.7995,6.005859375,-20.4599609375,14.57421875,
0.8,8.888671875,-20.3798828125,11.8115234375,
0.8005,12.091796875,-19.9794921875,8.4482421875,
0.801,15.53515625,-18.9384765625,4.083984375,
0.8015,18.498046875,-16.9765625,-0.80078125,
0.802,19.9794921875,-15.375,-3.8037109375,
0.8025,20.5400390625,-13.212890625,-6.486328125,
0.803,20.6201171875,-10.5703125,-9.2490234375,
0.8035,19.859375,-5.60546875,-13.4130859375,
0.804,18.578125,-1.4814453125,-16.2958984375,
0.8045,16.9765625,2.482421875,-18.73828125,
0.805,15.5751953125,5.525390625,-20.2998046875,
0.8055,12.572265625,8.2880859375,-20.1396484375,
0.806,9.2490234375,11.4912109375,-20.1796875,
0.8065,4.00390625,15.294921875,-18.8984375,
0.807,-1.28125,18.1376953125,-16.7763671875,
0.8075,-4.404296875,19.6591796875,-15.4150390625,
0.808,-7.20703125,20.580078125,-13.8134765625,
0.8085,-9.9697265625,20.4599609375,-11.0908203125,
0.809,-13.7734375,19.458984375,-6.56640625,
0.8095,-16.8564453125,18.2177734375,-2.2421875,
0.81,-19.37890625,16.2958984375,2.162109375,
0.8105,-20.5,14.57421875,4.9248046875,
0.811,-20.580078125,11.931640625,7.6875,
0.8115,-20.580078125,8.9287109375,10.6904296875,
0.812,-19.6591796875,4.083984375,14.57421875,
0.8125,-18.017578125,-0.5205078125,17.4169921875,
0.813,-16.5361328125,-3.8037109375,19.3388671875,
0.8135,-14.9345703125,-6.56640625,20.6201171875,
0.814,-11.771484375,-9.3291015625,20.2998046875,
0.8145,-7.2470703125,-12.97265625,19.5791015625,
0.815,-2.482421875,-16.2158203125,18.2578125,
0.8155,2.40234375,-18.8583984375,16.2958984375,
0.816,5.2451171875,-20.0595703125,14.89453125,
0.8165,8.0078125,-20.5,12.7724609375,
0.817,10.8505859375,-20.6201171875,10.0498046875,
0.8175,14.734375,-19.138671875,5.0849609375,
0.818,17.6171875,-17.4169921875,0.6005859375,
0.8185,19.619140625,-15.85546875,-2.962890625,
0.819,20.5,-14.0537109375,-5.6455078125,
0.8195,20.3798828125,-11.0908203125,-8.408203125,
0.82,20.01953125,-7.3271484375,-11.8515625,
0.8205,19.138671875,-3.04296875,-15.2548828125,
0.821,17.4169921875,1.521484375,-18.09765625,
0.8215,15.8154296875,4.484375,-19.4990234375,
0.822,13.8134765625,7.20703125,-20.259765625,
0.8225,10.73046875,10.08984375,-20.1796875,
0.823,5.4052734375,14.013671875,-18.9384765625,
0.8235,0.80078125,16.896484375,-17.45703125,
0.824,-3.4033203125,19.138671875,-15.775390625,
0.8245,-6.0458984375,20.099609375,-14.3740234375,
0.825,-8.9287109375,20.0595703125,-11.7314453125,
0.8255,-12.01171875,19.859375,-8.568359375,
0.826,-15.53515625,18.5380859375,-3.8837890625,
0.8265,-18.337890625,16.576171875,0.9208984375,
0.827,-19.8193359375,15.0146484375,3.84375,
0.8275,-20.5,13.0126953125,6.486328125,
0.828,-20.33984375,9.9697265625,9.2890625,
0.8285,-19.5791015625,5.4853515625,13.0927734375,
0.829,-18.5380859375,1.4013671875,16.1357421875,
0.8295,-17.0166015625,-2.72265625,18.73828125,
0.83,-15.3349609375,-5.4453125,19.859375,
0.8305,-12.8525390625,-8.16796875,20.099609375,
0.831,-9.3291015625,-11.4111328125,20.01953125,
0.8315,-3.923828125,-15.0947265625,18.498046875,
0.832,0.80078125,-17.77734375,16.6962890625,
0.8325,4.1240234375,-19.5390625,15.375,
0.833,6.7265625,-20.3798828125,13.8134765625,
0.8335,9.609375,-20.1396484375,10.9306640625,
0.834,13.1328125,-19.4189453125,6.88671875,
0.8345,16.3759765625,-18.09765625,2.482421875,
0.835,18.8984375,-16.17578125,-1.9619140625,
0.8355,19.8994140625,-14.6142578125,-4.484375,
0.836,20.2998046875,-12.171875,-7.2470703125,
0.8365,20.1396484375,-9.0087890625,-10.2900390625,
0.837,19.21875,-4.32421875,-14.0537109375,
0.8375,17.8173828125,-0.1201171875,-16.81640625,
0.838,16.416015625,3.5234375,-19.0185546875,
0.8385,14.654296875,6.1259765625,-19.9794921875,
0.839,11.6513671875,8.9287109375,-19.8994140625,
0.8395,7.52734375,12.4921875,-19.4990234375,
0.84,2.5224609375,15.85546875,-18.09765625,
0.8405,-2.2822265625,18.3779296875,-16.0556640625,
0.841,-4.96484375,19.69921875,-14.89453125,
0.8415,-7.7275390625,20.259765625,-12.9326171875,
0.842,-10.73046875,19.9794921875,-9.8896484375,
0.8425,-14.2939453125,18.8583984375,-5.3251953125,
0.843,-17.3369140625,17.296875,-0.9208984375,
0.8435,-19.5390625,15.5751953125,3.0830078125,
0.844,-20.2197265625,13.7734375,5.4853515625,
0.8445,-20.5400390625,10.9306640625,8.4482421875,
0.845,-20.01953125,7.1669921875,11.8515625,
0.8455,-18.978515625,2.72265625,15.294921875,
0.846,-17.3369140625,-1.5615234375,17.8974609375,
0.8465,-15.935546875,-4.64453125,19.5791015625,
0.847,-13.93359375,-7.287109375,20.2998046875,
0.8475,-10.4501953125,-10.2900390625,19.9794921875,
0.848,-5.765625,-13.7333984375,19.05859375,
0.8485,-0.80078125,-17.056640625,17.45703125,
0.849,3.5234375,-19.1787109375,15.6953125,
0.8495,5.92578125,-20.0595703125,14.2939453125,
0.85,8.80859375,-20.3798828125,11.931640625,
0.8505,12.171875,-19.8994140625,8.2880859375,
0.851,15.455078125,-18.578125,3.8037109375,
0.8515,18.177734375,-16.8564453125,-0.640625,
0.852,19.9794921875,-15.2548828125,-3.9638671875,
0.8525,20.3798828125,-13.1328125,-6.4462890625,
0.853,20.419921875,-9.9697265625,-9.5693359375,
0.8535,19.69921875,-5.765625,-13.0927734375,
0.854,18.5380859375,-1.44140625,-16.2958984375,
0.8545,16.8564453125,2.6826171875,-18.658203125,
0.855,15.21484375,5.4052734375,-19.859375,
0.8555,12.9326171875,8.16796875,-20.3798828125,
0.856,8.80859375,11.6513671875,-19.8994140625,
0.8565,4.00390625,14.974609375,-18.578125,
0.857,-0.9208984375,17.8173828125,-16.7763671875,
0.8575,-4.5244140625,19.779296875,-15.4150390625,
0.858,-6.9267578125,20.2197265625,-13.61328125,
0.8585,-9.76953125,20.2998046875,-11.0908203125,
0.859,-13.453125,19.4990234375,-6.7666015625,
0.8595,-16.49609375,17.9775390625,-2.2021484375,
0.86,-19.0185546875,16.1357421875,2.001953125,
0.8605,-20.33984375,14.5341796875,4.8447265625,
0.861,-20.580078125,12.0517578125,7.52734375,
0.8615,-20.3798828125,8.4482421875,10.9306640625,
0.862,-19.37890625,4.2041015625,14.2138671875,
0.8625,-18.0576171875,-0.2001953125,17.216796875,
0.863,-16.49609375,-3.8837890625,19.37890625,
0.8635,-14.57421875,-6.40625,20.01953125,
0.864,-12.0517578125,-9.1689453125,20.3798828125,
0.8645,-7.2470703125,-13.0927734375,19.619140625,
0.865,-2.40234375,-16.2958984375,17.8974609375,
0.8655,2.0419921875,-18.498046875,16.2958984375,
0.866,5.1650390625,-20.1396484375,15.0146484375,
0.8665,7.8076171875,-20.33984375,12.8525390625,
0.867,10.810546875,-20.1396484375,9.849609375,
0.8675,14.333984375,-19.298828125,5.60546875,
0.868,17.376953125,-17.45703125,0.8408203125,
0.8685,19.4990234375,-15.7353515625,-2.9228515625,
0.869,20.2197265625,-13.93359375,-5.4453125,
0.8695,20.4599609375,-11.2509765625,-8.248046875,
0.87,19.9794921875,-7.0869140625,-12.0517578125,
0.8705,18.8984375,-2.962890625,-15.0947265625,
0.871,17.3369140625,1.201171875,-17.6572265625,
0.8715,15.9755859375,4.5244140625,-19.69921875,
0.872,13.61328125,7.046875,-19.8994140625,
0.8725,10.6103515625,9.9296875,-19.939453125,
0.873,5.8857421875,13.7734375,-19.1787109375,
0.8735,0.7607421875,16.896484375,-17.376953125,
0.874,-3.203125,18.8984375,-15.6953125,
0.8745,-5.8857421875,20.01953125,-14.4140625,
0.875,-8.6884765625,20.259765625,-12.0517578125,
0.8755,-12.1318359375,19.619140625,-8.2080078125,
0.876,-15.21484375,18.498046875,-4.1240234375,
0.8765,-18.09765625,16.65625,0.5205078125,
0.877,-19.8994140625,15.0947265625,3.84375,
0.8775,-20.2197265625,12.892578125,6.326171875,
0.878,-20.4599609375,10.169921875,9.2490234375,
0.8785,-19.69921875,5.60546875,13.0927734375,
0.879,-18.4580078125,1.3212890625,16.17578125,
0.8795,-16.8564453125,-2.5224609375,18.3779296875,
0.88,-15.53515625,-5.4052734375,19.9794921875,
0.8805,-12.97265625,-8.0478515625,20.1796875,
0.881,-9.0087890625,-11.451171875,19.8193359375,
0.8815,-4.484375,-14.7744140625,18.658203125,
0.882,0.640625,-17.697265625,16.81640625,
0.8825,4.1640625,-19.5390625,15.375,
0.883,6.6865234375,-20.1396484375,13.693359375,
0.8835,9.4892578125,-20.5,11.451171875,
0.884,13.4130859375,-19.5390625,6.6865234375,
0.8845,16.3759765625,-18.0576171875,2.4423828125,
0.885,18.7783203125,-16.3759765625,-1.6416015625,
0.8855,20.33984375,-14.814453125,-4.64453125,
0.886,20.2998046875,-12.2119140625,-7.2470703125,
0.8865,20.2998046875,-8.8486328125,-10.5703125,
0.887,19.4990234375,-4.5244140625,-14.09375,
0.8875,18.0576171875,0.080078125,-17.1767578125,
0.888,16.3759765625,3.4833984375,-19.2587890625,
0.8885,14.654296875,6.24609375,-20.1396484375,
0.889,12.01171875,9.048828125,-20.4599609375,
0.8895,7.046875,13.0927734375,-19.5390625,
0.89,2.5625,15.9755859375,-18.2177734375,
0.8905,-2.162109375,18.5380859375,-16.3759765625,
0.891,-5.3251953125,20.1796875,-15.0546875,
0.8915,-8.0078125,20.2197265625,-12.6923828125,
0.892,-10.7705078125,20.33984375,-10.169921875,
0.8925,-14.734375,19.21875,-5.28515625,
0.893,-17.7373046875,17.296875,-0.5205078125,
0.8935,-19.619140625,15.615234375,3.04296875,
0.894,-20.7001953125,13.8935546875,5.845703125,
0.8945,-20.66015625,11.130859375,8.5283203125,
0.895,-20.2197265625,6.88671875,12.3720703125,
0.8955,-19.21875,2.8427734375,15.375,
0.896,-17.6171875,-1.6015625,18.2177734375,
0.8965,-16.0556640625,-4.96484375,19.9794921875,
0.897,-13.8134765625,-7.4873046875,20.2197265625,
0.8975,-11.0908203125,-10.2900390625,20.580078125,
0.898,-5.4853515625,-14.4140625,19.2587890625,
0.8985,-0.640625,-17.296875,17.4970703125,
0.899,3.2431640625,-19.2587890625,15.935546875,
0.8995,6.2060546875,-20.66015625,14.6142578125,
0.9,8.96875,-20.5,11.8115234375,
0.9005,12.2119140625,-20.0595703125,8.3681640625,
0.901,15.6552734375,-18.9384765625,4.0439453125,
0.9015,18.5380859375,-16.9765625,-0.80078125,
0.902,20.099609375,-15.375,-3.8837890625,
0.9025,20.6201171875,-13.1728515625,-6.56640625,
0.903,20.8603515625,-10.2900390625,-9.2890625,
0.9035,19.8994140625,-5.60546875,-13.453125,
0.904,18.6181640625,-1.4814453125,-16.2958984375,
0.9045,17.0966796875,2.482421875,-18.6982421875,
0.905,15.6552734375,5.5654296875,-20.3798828125,
0.9055,12.65234375,8.2880859375,-20.2197265625,
0.906,9.2890625,11.4912109375,-20.1796875,
0.9065,4.1240234375,15.21484375,-18.9384765625,
0.907,-1.12109375,18.09765625,-16.896484375,
0.9075,-4.3642578125,19.7392578125,-15.2548828125,
0.908,-7.0869140625,20.6201171875,-13.853515625,
0.9085,-9.8896484375,20.5400390625,-11.2509765625,
0.909,-13.7333984375,19.5390625,-6.56640625,
0.9095,-16.7763671875,18.2578125,-2.322265625,
0.91,-19.3388671875,16.3359375,2.08203125,
0.9105,-20.6201171875,14.734375,4.96484375,
0.911,-20.7001953125,12.01171875,7.6875,
0.9115,-20.7802734375,8.96875,10.73046875,
0.912,-19.8193359375,4.1240234375,14.6943359375,
0.9125,-18.2578125,-0.48046875,17.6572265625,
0.913,-16.65625,-3.923828125,19.5390625,
0.9135,-15.134765625,-6.7265625,20.900390625,
0.914,-11.8515625,-9.609375,20.66015625,
0.9145,-7.20703125,-13.4130859375,19.8994140625,
0.915,-2.4423828125,-16.6162109375,18.6181640625,
0.9155,2.40234375,-19.3388671875,16.65625,
0.916,5.525390625,-20.580078125,15.1748046875,
0.9165,8.3681640625,-20.98046875,12.892578125,
0.917,11.2509765625,-20.900390625,10.2099609375,
0.9175,15.294921875,-19.619140625,5.044921875,
0.918,18.2978515625,-17.8173828125,0.3203125,
0.9185,20.33984375,-16.095703125,-3.443359375,
0.919,21.380859375,-14.25390625,-6.24609375,
0.9195,21.1806640625,-11.05078125,-9.2490234375,
0.92,20.8603515625,-7.20703125,-12.7724609375,
0.9205,19.859375,-2.802734375,-16.17578125,
0.921,17.9775390625,2.001953125,-19.21875,
0.9215,16.2158203125,5.2451171875,-20.66015625,
0.922,14.09375,8.087890625,-21.4208984375,
0.9225,10.6904296875,11.3310546875,-21.1005859375,
0.923,5.0849609375,15.2548828125,-19.8994140625,
0.9235,0.240234375,18.2177734375,-18.2578125,
0.924,-4.244140625,20.4599609375,-16.3759765625,
0.9245,-7.0869140625,21.4609375,-14.734375,
0.925,-10.25,21.380859375,-11.69140625,
0.9255,-13.373046875,20.9404296875,-8.328125,
0.926,-17.0166015625,19.458984375,-3.36328125,
0.9265,-19.8994140625,17.216796875,1.76171875,
0.927,-21.4609375,15.4150390625,4.96484375,
0.9275,-22.021484375,13.1328125,7.8076171875,
0.928,-21.7412109375,9.7294921875,10.9306640625,
0.9285,-20.8203125,5.0048828125,14.734375,
0.929,-19.5390625,0.640625,17.77734375,
0.9295,-17.697265625,-3.8037109375,20.4599609375,
0.93,-15.6953125,-6.6865234375,21.4208984375,
0.9305,-12.8525390625,-9.6494140625,21.62109375,
0.931,-9.0888671875,-12.9326171875,21.30078125,
0.9315,-3.36328125,-16.65625,19.5791015625,
0.932,1.76171875,-19.37890625,17.45703125,
0.9325,5.2451171875,-21.060546875,15.85546875,
0.933,8.0478515625,-21.78125,14.013671875,
0.9335,11.1708984375,-21.4609375,10.810546875,
0.934,14.6943359375,-20.5,6.5263671875,
0.9345,17.9375,-18.9384765625,1.841796875,
0.935,20.4599609375,-16.7763671875,-2.8828125,
0.9355,21.4609375,-14.9345703125,-5.6455078125,
0.936,21.7412109375,-12.2119140625,-8.6083984375,
0.9365,21.4208984375,-8.728515625,-11.8115234375,
0.937,20.2197265625,-3.8837890625,-15.4951171875,
0.9375,18.578125,0.640625,-18.2578125,
0.938,16.9765625,4.3642578125,-20.4599609375,
0.9385,14.9345703125,7.1669921875,-21.220703125,
0.939,11.6513671875,10.08984375,-21.0205078125,
0.9395,7.3671875,13.6533203125,-20.4599609375,
0.94,2.08203125,17.0966796875,-18.818359375,
0.9405,-2.9228515625,19.4990234375,-16.576171875,
0.941,-5.765625,20.7802734375,-15.21484375,
0.9415,-8.6484375,21.2607421875,-13.0927734375,
0.942,-11.69140625,20.8603515625,-9.849609375,
0.9425,-15.294921875,19.619140625,-5.1650390625,
0.943,-18.2978515625,17.8974609375,-0.5205078125,
0.9435,-20.5400390625,15.9755859375,3.5634765625,
0.944,-21.220703125,14.0537109375,6.2060546875,
0.9445,-21.3408203125,11.0107421875,9.2490234375,
0.945,-20.900390625,7.0869140625,12.65234375,
0.9455,-19.8193359375,2.6025390625,16.17578125,
0.946,-17.9775390625,-1.9619140625,18.8583984375,
0.9465,-16.416015625,-5.125,20.5400390625,
0.947,-14.2939453125,-7.84765625,21.2607421875,
0.9475,-10.650390625,-11.0107421875,20.8603515625,
0.948,-5.845703125,-14.6142578125,19.859375,
0.9485,-0.720703125,-17.8173828125,18.2177734375,
0.949,3.8037109375,-20.099609375,16.2958984375,
0.9495,6.40625,-21.0205078125,14.734375,
0.95,9.44921875,-21.30078125,12.251953125,
0.9505,12.9326171875,-20.7802734375,8.4482421875,
0.951,16.3759765625,-19.4189453125,3.8037109375,
0.9515,19.21875,-17.4970703125,-1.0009765625,
0.952,21.1005859375,-15.8154296875,-4.4443359375,
0.9525,21.5009765625,-13.4931640625,-7.126953125,
0.953,21.4609375,-10.2099609375,-10.41015625,
0.9535,20.66015625,-5.7255859375,-14.0537109375,
0.954,19.458984375,-1.2412109375,-17.376953125,
0.9545,17.537109375,3.203125,-19.859375,
0.955,15.8154296875,6.0859375,-21.060546875,
0.9555,13.212890625,9.0888671875,-21.5009765625,
0.956,8.888671875,12.732421875,-20.98046875,
0.9565,3.8037109375,16.1357421875,-19.5390625,
0.957,-1.28125,19.0185546875,-17.6572265625,
0.9575,-5.205078125,21.0205078125,-16.015625,
0.958,-8.0478515625,21.4609375,-13.93359375,
0.9585,-10.890625,21.5009765625,-11.2509765625,
0.959,-14.814453125,20.6201171875,-6.56640625,
0.9595,-17.9775390625,18.8984375,-1.8818359375,
0.96,-20.5,16.81640625,2.6826171875,
0.9605,-21.8212890625,15.0146484375,5.765625,
0.961,-22.0615234375,12.2119140625,8.6484375,
0.9615,-21.7412109375,8.3681640625,12.2919921875,
0.962,-20.580078125,3.8837890625,15.6552734375,
0.9625,-19.0986328125,-0.80078125,18.7783203125,
0.963,-17.216796875,-4.8447265625,21.0205078125,
0.9635,-15.0546875,-7.4873046875,21.5810546875,
0.964,-12.251953125,-10.41015625,21.8212890625,
0.9645,-7.1669921875,-14.4541015625,20.900390625,
0.965,-1.921875,-17.6171875,19.0986328125,
0.9655,2.802734375,-20.01953125,17.13671875,
0.966,6.2060546875,-21.701171875,15.615234375,
0.9665,9.0087890625,-21.78125,13.1328125,
0.967,12.171875,-21.5810546875,9.9296875,
0.9675,15.935546875,-20.3798828125,5.2451171875,
0.968,19.138671875,-18.5380859375,0.240234375,
0.9685,21.2607421875,-16.5361328125,-3.84375,
0.969,21.94140625,-14.494140625,-6.6064453125,
0.9695,22.0615234375,-11.53125,-9.6494140625,
0.97,21.4609375,-6.88671875,-13.6533203125,
0.9705,20.1796875,-2.5625,-16.736328125,
0.971,18.41796875,1.921875,-19.4189453125,
0.9715,16.7763671875,5.5654296875,-21.4609375,
0.972,14.013671875,8.2880859375,-21.5009765625,
0.9725,10.8505859375,11.3310546875,-21.5009765625,
0.973,5.60546875,15.294921875,-20.3798828125,
0.9735,0.2802734375,18.41796875,-18.4580078125,
0.974,-4.0439453125,20.4599609375,-16.4560546875,
0.9745,-6.9267578125,21.5810546875,-14.974609375,
0.975,-9.8896484375,21.6611328125,-12.2919921875,
0.9755,-13.453125,20.900390625,-8.2080078125,
0.976,-16.6962890625,19.6591796875,-3.763671875,
0.9765,-19.69921875,17.6171875,1.12109375,
0.977,-21.541015625,15.7353515625,4.724609375,
0.9775,-21.541015625,13.4130859375,7.3671875,
0.978,-21.861328125,10.3701171875,10.41015625,
0.9785,-20.900390625,5.60546875,14.57421875,
0.979,-19.619140625,1.0009765625,17.5771484375,
0.9795,-17.77734375,-3.0830078125,19.8193359375,
0.98,-16.2958984375,-6.166015625,21.4609375,
0.9805,-13.3330078125,-9.0087890625,21.4609375,
0.981,-9.208984375,-12.5322265625,20.98046875,
0.9815,-4.3642578125,-15.935546875,19.7392578125,
0.982,1.0009765625,-18.9384765625,17.7373046875,
0.9825,4.8046875,-20.7802734375,15.9755859375,
0.983,7.3671875,-21.30078125,14.173828125,
0.9835,10.330078125,-21.541015625,11.69140625,
0.984,14.4140625,-20.4599609375,6.6865234375,
0.9845,17.45703125,-18.9384765625,2.2421875,
0.985,19.8994140625,-17.13671875,-2.08203125,
0.9855,21.4609375,-15.375,-5.205078125,
0.986,21.4208984375,-12.4921875,-8.0078125,
0.9865,21.4208984375,-8.96875,-11.37109375,
0.987,20.419921875,-4.484375,-15.0146484375,
0.9875,18.8984375,0.2802734375,-18.2177734375,
0.988,16.9765625,4.0439453125,-20.1396484375,
0.9885,15.1748046875,6.8466796875,-21.140625,
0.989,12.33203125,9.7294921875,-21.380859375,
0.9895,7.1669921875,13.7734375,-20.419921875,
0.99,2.5224609375,16.7763671875,-18.978515625,
0.9905,-2.3623046875,19.458984375,-17.056640625,
0.991,-5.7255859375,21.060546875,-15.53515625,
0.9915,-8.4482421875,21.060546875,-13.0927734375,
0.992,-11.291015625,21.1005859375,-10.41015625,
0.9925,-15.4150390625,19.859375,-5.3251953125,
0.993,-18.5380859375,17.8974609375,-0.400390625,
0.9935,-20.4599609375,16.1357421875,3.3232421875,
0.994,-21.541015625,14.333984375,6.2060546875,
0.9945,-21.5009765625,11.37109375,9.0087890625,
0.995,-20.98046875,7.046875,12.892578125,
0.9955,-19.8994140625,2.8427734375,15.9755859375,
0.996,-18.337890625,-1.681640625,18.978515625,
0.9965,-16.576171875,-5.1650390625,20.740234375,
0.997,-14.173828125,-7.767578125,21.0205078125,
0.9975,-11.37109375,-10.7705078125,21.2607421875,
0.998,-5.6455078125,-14.974609375,19.9794921875,
0.9985,-0.640625,-17.9375,18.09765625,
0.999,3.4033203125,-19.939453125,16.49609375,
0.9995,6.4462890625,-21.30078125,15.0146484375,