Date,2020-12-04 21:37:10
Filename,STFCB-20200928-0105-0109_20201204_213104_002.dat
Data Label,정상
Label No,00
Motor Spec,L-CAHU-01R,1750,11,22,
Period,1SEC
Sample Rate,2000
RMS,16.83411,17.28084,15.08143,
Data Length,2000,
0,-22.291748046875,5.054931640625,18.267822265625,
0.0005,-20.690185546875,1.211181640625,19.348876953125,
0.001,-18.968505859375,-3.673583984375,21.190673828125,
0.0015,-15.965576171875,-8.478271484375,21.831298828125,
0.002,-11.361083984375,-12.602294921875,20.670166015625,
0.0025,-8.678466796875,-15.845458984375,20.469970703125,
0.003,-3.393310546875,-18.928466796875,17.707275390625,
0.0035,1.131103515625,-21.611083984375,15.304931640625,
0.004,4.974853515625,-23.172607421875,12.502197265625,
0.0045,10.179931640625,-24.974365234375,8.738525390625,
0.005,13.503173828125,-23.613037109375,4.093994140625,
0.0055,17.026611328125,-23.733154296875,0.690673828125,
0.006,19.348876953125,-21.851318359375,-3.193115234375,
0.0065,22.071533203125,-20.089599609375,-7.116943359375,
0.007,22.752197265625,-16.886474609375,-10.239990234375,
0.0075,23.152587890625,-12.722412109375,-13.803466796875,
0.008,22.752197265625,-9.239013671875,-15.765380859375,
0.0085,21.350830078125,-4.434326171875,-18.087646484375,
0.009,19.709228515625,-0.390380859375,-19.328857421875,
0.0095,17.907470703125,4.134033203125,-20.810302734375,
0.01,14.464111328125,9.218994140625,-21.330810546875,
0.0105,9.619384765625,13.182861328125,-19.769287109375,
0.011,6.936767578125,16.345947265625,-19.529052734375,
0.0115,1.571533203125,19.228759765625,-16.486083984375,
0.012,-2.872802734375,22.031494140625,-14.203857421875,
0.0125,-6.676513671875,22.952392578125,-10.880615234375,
0.013,-11.761474609375,24.473876953125,-7.036865234375,
0.0135,-14.884521484375,23.112548828125,-2.592529296875,
0.014,-18.407958984375,22.752197265625,1.211181640625,
0.0145,-20.489990234375,20.630126953125,4.974853515625,
0.015,-22.932373046875,18.788330078125,8.658447265625,
0.0155,-23.132568359375,14.944580078125,11.901611328125,
0.016,-23.212646484375,10.460205078125,15.304931640625,
0.0165,-22.892333984375,7.337158203125,17.066650390625,
0.017,-21.090576171875,1.971923828125,19.308837890625,
0.0175,-19.448974609375,-2.232177734375,20.590087890625,
0.018,-17.166748046875,-6.396240234375,21.430908203125,
0.0185,-13.683349609375,-11.240966796875,21.911376953125,
0.019,-8.678466796875,-14.964599609375,19.949462890625,
0.0195,-5.595458984375,-18.047607421875,19.228759765625,
0.02,0.010009765625,-20.770263671875,15.825439453125,
0.0205,4.254150390625,-23.532958984375,13.743408203125,
0.021,8.258056640625,-23.733154296875,9.579345703125,
0.0215,12.862548828125,-24.854248046875,5.815673828125,
0.022,15.825439453125,-23.693115234375,1.771728515625,
0.0225,19.268798828125,-22.692138671875,-2.432373046875,
0.023,21.270751953125,-20.449951171875,-6.115966796875,
0.0235,23.352783203125,-18.327880859375,-9.559326171875,
0.024,23.192626953125,-14.203857421875,-12.642333984375,
0.0245,22.872314453125,-9.639404296875,-15.765380859375,
0.025,22.431884765625,-6.676513671875,-17.286865234375,
0.0255,20.229736328125,-0.990966796875,-19.489013671875,
0.026,18.548095703125,3.333251953125,-20.810302734375,
0.0265,15.304931640625,7.697509765625,-20.850341796875,
0.027,11.821533203125,12.302001953125,-21.210693359375,
0.0275,6.976806640625,15.825439453125,-19.208740234375,
0.028,3.413330078125,18.868408203125,-17.927490234375,
0.0285,-1.951904296875,21.310791015625,-14.564208984375,
0.029,-6.115966796875,24.033447265625,-12.442138671875,
0.0295,-10.280029296875,23.593017578125,-7.637451171875,
0.03,-14.564208984375,24.313720703125,-3.913818359375,
0.0305,-17.286865234375,23.192626953125,-0.230224609375,
0.031,-20.570068359375,21.631103515625,4.334228515625,
0.0315,-22.331787109375,19.228759765625,7.897705078125,
0.032,-23.933349609375,16.546142578125,11.381103515625,
0.0325,-23.693115234375,12.221923828125,14.384033203125,
0.033,-23.012451171875,7.417236328125,17.226806640625,
0.0335,-22.371826171875,4.334228515625,18.548095703125,
0.034,-19.969482421875,-1.431396484375,20.630126953125,
0.0345,-18.247802734375,-5.715576171875,22.071533203125,
0.035,-14.203857421875,-10.079833984375,21.470947265625,
0.0355,-11.040771484375,-14.243896484375,21.591064453125,
0.036,-6.156005859375,-17.487060546875,19.348876953125,
0.0365,-1.831787109375,-20.489990234375,17.306884765625,
0.037,3.173095703125,-22.692138671875,14.063720703125,
0.0375,7.817626953125,-25.254638671875,11.421142578125,
0.038,11.741455078125,-24.373779296875,6.456298828125,
0.0385,15.665283203125,-24.654052734375,2.812744140625,
0.039,18.187744140625,-23.452880859375,-0.710693359375,
0.0395,21.470947265625,-21.571044921875,-5.435302734375,
0.04,22.992431640625,-18.968505859375,-8.838623046875,
0.0405,23.913330078125,-15.605224609375,-12.281982421875,
0.041,23.713134765625,-11.561279296875,-15.044677734375,
0.0415,22.511962890625,-6.756591796875,-17.487060546875,
0.042,21.470947265625,-3.273193359375,-18.728271484375,
0.0425,19.148681640625,2.252197265625,-20.650146484375,
0.043,16.826416015625,7.056884765625,-21.971435546875,
0.0435,12.141845703125,11.341064453125,-20.730224609375,
0.044,9.098876953125,15.144775390625,-20.770263671875,
0.0445,4.414306640625,18.067626953125,-18.247802734375,
0.045,-0.390380859375,21.110595703125,-15.885498046875,
0.0455,-4.754638671875,22.912353515625,-12.802490234375,
0.046,-9.759521484375,24.994384765625,-9.479248046875,
0.0465,-13.403076171875,23.953369140625,-4.754638671875,
0.047,-17.086669921875,23.833251953125,-0.950927734375,
0.0475,-19.248779296875,22.431884765625,2.452392578125,
0.048,-22.291748046875,20.309814453125,7.056884765625,
0.0485,-23.613037109375,17.427001953125,10.420166015625,
0.049,-23.893310546875,13.262939453125,13.823486328125,
0.0495,-23.853271484375,9.659423828125,16.345947265625,
0.05,-22.371826171875,4.814697265625,18.548095703125,
0.0505,-21.010498046875,0.930908203125,19.869384765625,
0.051,-18.888427734375,-3.993896484375,21.390869140625,
0.0515,-16.165771484375,-9.038818359375,22.592041015625,
0.052,-11.240966796875,-12.962646484375,20.830322265625,
0.0525,-8.318115234375,-16.566162109375,20.750244140625,
0.053,-3.513427734375,-19.168701171875,17.947509765625,
0.0535,1.571533203125,-22.291748046875,15.385009765625,
0.054,5.615478515625,-23.733154296875,12.302001953125,
0.0545,10.820556640625,-25.414794921875,8.458251953125,
0.055,14.063720703125,-24.373779296875,4.134033203125,
0.0555,17.707275390625,-23.933349609375,0.130126953125,
0.056,19.869384765625,-22.291748046875,-3.353271484375,
0.0565,22.632080078125,-20.289794921875,-7.637451171875,
0.057,23.793212890625,-17.006591796875,-11.160888671875,
0.0575,23.552978515625,-12.482177734375,-14.404052734375,
0.058,23.593017578125,-9.279052734375,-16.526123046875,
0.0585,21.671142578125,-4.073974609375,-18.568115234375,
0.059,20.149658203125,0.290283203125,-20.129638671875,
0.0595,17.907470703125,4.854736328125,-21.290771484375,
0.06,14.584228515625,10.260009765625,-22.291748046875,
0.0605,9.459228515625,14.023681640625,-20.289794921875,
0.061,6.416259765625,17.467041015625,-19.889404296875,
0.0615,1.331298828125,19.989501953125,-16.686279296875,
0.062,-3.633544921875,23.112548828125,-14.283935546875,
0.0625,-7.717529296875,24.033447265625,-10.600341796875,
0.063,-12.882568359375,25.314697265625,-6.476318359375,
0.0635,-15.845458984375,24.193603515625,-2.472412109375,
0.064,-19.529052734375,23.192626953125,2.052001953125,
0.0645,-21.531005859375,21.110595703125,5.695556640625,
0.065,-23.973388671875,18.908447265625,9.579345703125,
0.0655,-24.614013671875,14.984619140625,13.182861328125,
0.066,-24.053466796875,10.099853515625,16.385986328125,
0.0665,-23.973388671875,7.096923828125,18.147705078125,
0.067,-21.611083984375,1.411376953125,20.149658203125,
0.0675,-19.889404296875,-3.113037109375,21.751220703125,
0.068,-17.166748046875,-7.437255859375,22.151611328125,
0.0685,-13.603271484375,-12.682373046875,22.912353515625,
0.069,-8.478271484375,-16.165771484375,20.550048828125,
0.0695,-4.874755859375,-19.529052734375,19.549072265625,
0.07,0.610595703125,-21.931396484375,15.985595703125,
0.0705,5.255126953125,-24.854248046875,13.623291015625,
0.071,9.539306640625,-25.014404296875,9.218994140625,
0.0715,14.263916015625,-25.775146484375,5.094970703125,
0.072,16.946533203125,-24.774169921875,1.411376953125,
0.0725,20.550048828125,-23.252685546875,-3.393310546875,
0.073,22.471923828125,-20.890380859375,-7.076904296875,
0.0735,24.353759765625,-18.528076171875,-10.560302734375,
0.074,24.634033203125,-14.243896484375,-13.963623046875,
0.0745,23.593017578125,-9.158935546875,-16.806396484375,
0.075,23.312744140625,-6.236083984375,-18.327880859375,
0.0755,20.550048828125,-0.350341796875,-20.169677734375,
0.076,18.908447265625,4.134033203125,-21.771240234375,
0.0765,15.304931640625,8.538330078125,-21.490966796875,
0.077,11.701416015625,13.423095703125,-21.931396484375,
0.0775,6.896728515625,16.666259765625,-19.689208984375,
0.078,2.772705078125,19.909423828125,-18.087646484375,
0.0785,-2.272216796875,21.991455078125,-14.604248046875,
0.079,-6.676513671875,24.754150390625,-12.322021484375,
0.0795,-11.000732421875,24.473876953125,-7.517333984375,
0.08,-15.405029296875,24.714111328125,-3.273193359375,
0.0805,-17.887451171875,23.913330078125,-0.070068359375,
0.081,-21.130615234375,21.831298828125,4.894775390625,
0.0815,-22.932373046875,19.468994140625,8.338134765625,
0.082,-24.173583984375,16.546142578125,11.701416015625,
0.0825,-24.533935546875,12.462158203125,15.104736328125,
0.083,-23.252685546875,7.377197265625,17.627197265625,
0.0835,-22.812255859375,4.294189453125,19.148681640625,
0.084,-20.169677734375,-1.351318359375,20.790283203125,
0.0845,-18.648193359375,-5.835693359375,22.552001953125,
0.085,-14.444091796875,-10.079833984375,21.631103515625,
0.0855,-11.040771484375,-14.604248046875,21.911376953125,
0.086,-6.596435546875,-17.527099609375,19.789306640625,
0.0865,-1.671630859375,-20.850341796875,17.467041015625,
0.087,3.012939453125,-22.812255859375,14.223876953125,
0.0875,7.697509765625,-25.294677734375,11.501220703125,
0.088,11.821533203125,-24.934326171875,6.856689453125,
0.0885,15.865478515625,-24.774169921875,2.572509765625,
0.089,18.267822265625,-24.053466796875,-0.470458984375,
0.0895,21.591064453125,-21.771240234375,-5.475341796875,
0.09,23.352783203125,-19.368896484375,-8.958740234375,
0.0905,23.833251953125,-15.645263671875,-12.201904296875,
0.091,24.313720703125,-11.841552734375,-15.405029296875,
0.0915,22.752197265625,-6.876708984375,-17.607177734375,
0.092,21.791259765625,-3.193115234375,-19.168701171875,
0.0925,19.268798828125,2.212158203125,-20.730224609375,
0.093,17.226806640625,7.096923828125,-22.411865234375,
0.0935,12.422119140625,11.381103515625,-21.010498046875,
0.094,8.978759765625,15.545166015625,-21.010498046875,
0.0945,4.774658203125,18.187744140625,-18.728271484375,
0.095,-0.590576171875,21.551025390625,-16.085693359375,
0.0955,-4.914794921875,23.232666015625,-12.882568359375,
0.096,-10.039794921875,25.274658203125,-9.399169921875,
0.0965,-13.803466796875,24.634033203125,-4.994873046875,
0.097,-17.567138671875,24.033447265625,-0.670654296875,
0.0975,-19.729248046875,22.872314453125,2.492431640625,
0.098,-22.772216796875,20.469970703125,7.377197265625,
0.0985,-24.373779296875,17.707275390625,10.980712890625,
0.099,-24.173583984375,13.262939453125,14.183837890625,
0.0995,-24.573974609375,9.739501953125,16.946533203125,
0.1,-22.732177734375,4.734619140625,18.908447265625,
0.1005,-21.330810546875,0.530517578125,20.469970703125,
0.101,-18.968505859375,-4.434326171875,21.751220703125,
0.1015,-16.245849609375,-9.679443359375,23.112548828125,
0.102,-11.281005859375,-13.483154296875,21.270751953125,
0.1025,-7.957763671875,-17.326904296875,20.990478515625,
0.103,-3.473388671875,-19.649169921875,18.187744140625,
0.1035,2.052001953125,-22.972412109375,15.344970703125,
0.104,6.256103515625,-24.373779296875,12.101806640625,
0.1045,11.381103515625,-25.695068359375,7.977783203125,
0.105,14.664306640625,-25.094482421875,4.093994140625,
0.1055,18.267822265625,-24.173583984375,-0.390380859375,
0.106,20.349853515625,-22.531982421875,-3.713623046875,
0.1065,22.912353515625,-20.209716796875,-7.997802734375,
0.107,24.313720703125,-16.966552734375,-11.681396484375,
0.1075,23.512939453125,-12.201904296875,-14.644287109375,
0.108,23.873291015625,-9.078857421875,-16.966552734375,
0.1085,21.711181640625,-4.114013671875,-18.528076171875,
0.109,20.149658203125,0.490478515625,-20.289794921875,
0.1095,17.667236328125,4.974853515625,-21.130615234375,
0.11,14.384033203125,10.340087890625,-22.131591796875,
0.1105,9.659423828125,13.823486328125,-20.249755859375,
0.111,6.095947265625,17.467041015625,-19.569091796875,
0.1115,1.891845703125,19.468994140625,-16.726318359375,
0.112,-3.233154296875,22.592041015625,-14.163818359375,
0.1125,-7.517333984375,23.713134765625,-10.640380859375,
0.113,-12.322021484375,24.393798828125,-6.276123046875,
0.1135,-15.324951171875,24.113525390625,-2.952880859375,
0.114,-18.648193359375,22.672119140625,1.691650390625,
0.1145,-20.730224609375,20.990478515625,5.094970703125,
0.115,-22.812255859375,18.708251953125,8.778564453125,
0.1155,-24.053466796875,15.144775390625,12.662353515625,
0.116,-23.052490234375,10.300048828125,15.425048828125,
0.1165,-23.372802734375,7.337158203125,17.587158203125,
0.117,-21.130615234375,2.532470703125,18.908447265625,
0.1175,-19.729248046875,-2.112060546875,20.910400390625,
0.118,-17.046630859375,-6.356201171875,21.310791015625,
0.1185,-13.603271484375,-11.481201171875,22.031494140625,
0.119,-9.399169921875,-14.684326171875,20.429931640625,
0.1195,-5.275146484375,-18.207763671875,19.068603515625,
0.12,-0.910888671875,-20.209716796875,16.105712890625,
0.1205,3.733642578125,-23.212646484375,13.863525390625,
0.121,8.418212890625,-24.173583984375,9.859619140625,
0.1215,12.742431640625,-24.293701171875,5.455322265625,
0.122,15.585205078125,-24.293701171875,2.612548828125,
0.1225,18.868408203125,-22.451904296875,-2.192138671875,
0.123,21.110595703125,-20.650146484375,-5.795654296875,
0.1235,22.632080078125,-18.287841796875,-8.958740234375,
0.124,23.793212890625,-14.484130859375,-12.962646484375,
0.1245,22.552001953125,-9.719482421875,-15.405029296875,
0.125,22.672119140625,-6.596435546875,-17.487060546875,
0.1255,20.189697265625,-1.591552734375,-18.848388671875,
0.126,18.868408203125,3.093017578125,-20.970458984375,
0.1265,15.344970703125,7.457275390625,-20.770263671875,
0.127,11.581298828125,12.462158203125,-21.130615234375,
0.1275,7.777587890625,15.425048828125,-19.729248046875,
0.128,3.133056640625,18.948486328125,-17.767333984375,
0.1285,-1.431396484375,20.870361328125,-14.724365234375,
0.129,-5.755615234375,23.472900390625,-12.442138671875,
0.1295,-10.480224609375,24.153564453125,-8.037841796875,
0.13,-14.604248046875,23.713134765625,-3.433349609375,
0.1305,-17.246826171875,23.673095703125,-0.710693359375,
0.131,-20.329833984375,21.350830078125,4.334228515625,
0.1315,-22.491943359375,19.348876953125,7.937744140625,
0.132,-23.252685546875,16.265869140625,10.980712890625,
0.1325,-24.213623046875,12.342041015625,14.744384765625,
0.133,-22.772216796875,7.537353515625,16.946533203125,
0.1335,-22.411865234375,4.013916015625,18.908447265625,
0.134,-19.729248046875,-1.151123046875,20.189697265625,
0.1345,-18.367919921875,-5.715576171875,22.151611328125,
0.135,-14.243896484375,-9.959716796875,21.350830078125,
0.1355,-10.360107421875,-14.484130859375,21.230712890625,
0.136,-6.876708984375,-17.086669921875,19.709228515625,
0.1365,-1.471435546875,-20.530029296875,17.026611328125,
0.137,2.932861328125,-22.572021484375,13.943603515625,
0.1375,7.377197265625,-24.453857421875,11.060791015625,
0.138,11.701416015625,-24.854248046875,6.976806640625,
0.1385,15.465087890625,-23.853271484375,2.332275390625,
0.139,17.987548828125,-23.653076171875,-0.470458984375,
0.1395,20.870361328125,-21.130615234375,-5.275146484375,
0.14,22.992431640625,-19.048583984375,-8.798583984375,
0.1405,22.912353515625,-15.204833984375,-11.681396484375,
0.141,23.753173828125,-11.521240234375,-15.084716796875,
0.1415,22.151611328125,-7.116943359375,-16.846435546875,
0.142,21.190673828125,-2.992919921875,-18.848388671875,
0.1425,18.708251953125,1.811767578125,-19.889404296875,
0.143,16.826416015625,6.536376953125,-21.531005859375,
0.1435,12.462158203125,10.740478515625,-20.489990234375,
0.144,8.458251953125,14.944580078125,-20.009521484375,
0.1445,5.375244140625,17.226806640625,-18.568115234375,
0.145,-0.270263671875,20.469970703125,-15.645263671875,
0.1455,-4.354248046875,22.351806640625,-12.882568359375,
0.146,-8.838623046875,23.633056640625,-9.239013671875,
0.1465,-12.882568359375,24.153564453125,-5.515380859375,
0.147,-16.285888671875,22.912353515625,-0.990966796875,
0.1475,-18.768310546875,22.311767578125,1.971923828125,
0.148,-21.250732421875,19.829345703125,6.456298828125,
0.1485,-23.332763671875,17.587158203125,10.059814453125,
0.149,-22.732177734375,13.182861328125,12.862548828125,
0.1495,-23.492919921875,9.619384765625,16.065673828125,
0.15,-22.091552734375,5.615478515625,17.587158203125,
0.1505,-20.730224609375,0.970947265625,19.709228515625,
0.151,-18.528076171875,-3.473388671875,20.670166015625,
0.1515,-16.005615234375,-8.318115234375,21.871337890625,
0.152,-11.881591796875,-12.201904296875,20.870361328125,
0.1525,-7.757568359375,-16.165771484375,19.989501953125,
0.153,-4.394287109375,-18.407958984375,18.147705078125,
0.1535,1.291259765625,-21.651123046875,15.224853515625,
0.154,5.455322265625,-23.532958984375,12.462158203125,
0.1545,9.979736328125,-24.053466796875,8.097900390625,
0.155,13.663330078125,-24.614013671875,4.894775390625,
0.1555,16.946533203125,-23.212646484375,0.370361328125,
0.156,19.549072265625,-22.131591796875,-3.072998046875,
0.1565,21.711181640625,-19.729248046875,-7.036865234375,
0.157,23.633056640625,-17.006591796875,-10.840576171875,
0.1575,22.632080078125,-12.322021484375,-13.603271484375,
0.158,23.112548828125,-8.838623046875,-16.406005859375,
0.1585,21.470947265625,-4.834716796875,-17.647216796875,
0.159,19.869384765625,0.330322265625,-19.929443359375,
0.1595,17.427001953125,4.774658203125,-20.770263671875,
0.16,14.023681640625,9.859619140625,-21.450927734375,
0.1605,10.099853515625,13.423095703125,-20.409912109375,
0.161,5.735595703125,17.146728515625,-19.088623046875,
0.1615,1.931884765625,19.268798828125,-16.806396484375,
0.162,-3.233154296875,22.271728515625,-13.963623046875,
0.1625,-7.837646484375,24.033447265625,-10.640380859375,
0.163,-12.241943359375,23.833251953125,-5.915771484375,
0.1635,-15.525146484375,24.313720703125,-2.952880859375,
0.164,-18.688232421875,22.431884765625,1.811767578125,
0.1645,-21.210693359375,20.910400390625,5.455322265625,
0.165,-22.772216796875,18.347900390625,8.978759765625,
0.1655,-24.293701171875,14.904541015625,12.942626953125,
0.166,-23.092529296875,10.099853515625,15.505126953125,
0.1665,-23.212646484375,6.536376953125,17.947509765625,
0.167,-21.210693359375,2.252197265625,19.108642578125,
0.1675,-19.609130859375,-2.792724609375,21.270751953125,
0.168,-16.686279296875,-7.156982421875,21.631103515625,
0.1685,-12.882568359375,-12.121826171875,21.751220703125,
0.169,-9.319091796875,-15.284912109375,20.670166015625,
0.1695,-4.474365234375,-18.888427734375,18.708251953125,
0.17,-0.150146484375,-20.970458984375,15.985595703125,
0.1705,4.334228515625,-23.452880859375,13.423095703125,
0.171,9.259033203125,-24.894287109375,9.579345703125,
0.1715,13.262939453125,-24.173583984375,4.774658203125,
0.172,16.426025390625,-24.573974609375,1.931884765625,
0.1725,19.428955078125,-22.451904296875,-2.832763671875,
0.173,21.951416015625,-20.730224609375,-6.596435546875,
0.1735,22.912353515625,-17.967529296875,-9.599365234375,
0.174,24.073486328125,-14.163818359375,-13.443115234375,
0.1745,22.832275390625,-9.599365234375,-15.725341796875,
0.175,22.552001953125,-5.755615234375,-18.087646484375,
0.1755,20.269775390625,-1.311279296875,-19.128662109375,
0.176,18.788330078125,3.533447265625,-21.130615234375,
0.1765,15.184814453125,8.057861328125,-21.130615234375,
0.177,10.940673828125,12.782470703125,-20.770263671875,
0.1775,7.817626953125,15.785400390625,-19.969482421875,
0.178,2.532470703125,19.268798828125,-17.487060546875,
0.1785,-1.871826171875,21.430908203125,-14.684326171875,
0.179,-5.835693359375,23.392822265625,-12.121826171875,
0.1795,-10.880615234375,24.674072265625,-7.997802734375,
0.18,-14.604248046875,23.512939453125,-3.153076171875,
0.1805,-17.767333984375,23.713134765625,-0.270263671875,
0.181,-20.489990234375,21.310791015625,4.494384765625,
0.1815,-22.932373046875,19.509033203125,8.177978515625,
0.182,-23.252685546875,16.145751953125,11.140869140625,
0.1825,-24.213623046875,12.181884765625,14.944580078125,
0.183,-23.012451171875,7.817626953125,16.946533203125,
0.1835,-22.291748046875,3.533447265625,19.268798828125,
0.184,-19.889404296875,-1.151123046875,20.349853515625,
0.1845,-18.447998046875,-5.715576171875,22.151611328125,
0.185,-14.444091796875,-10.239990234375,21.751220703125,
0.1855,-9.999755859375,-14.644287109375,20.950439453125,
0.186,-7.036865234375,-17.406982421875,20.109619140625,
0.1865,-1.151123046875,-20.810302734375,16.946533203125,
0.187,3.253173828125,-23.012451171875,14.223876953125,
0.1875,7.377197265625,-24.333740234375,10.940673828125,
0.188,12.101806640625,-25.374755859375,7.056884765625,
0.1885,15.625244140625,-23.973388671875,2.212158203125,
0.189,18.708251953125,-23.853271484375,-0.950927734375,
0.1895,21.270751953125,-21.210693359375,-5.595458984375,
0.19,23.593017578125,-19.288818359375,-9.118896484375,
0.1905,23.272705078125,-15.244873046875,-12.001708984375,
0.191,23.953369140625,-11.240966796875,-15.525146484375,
0.1915,22.712158203125,-7.237060546875,-17.166748046875,
0.192,21.390869140625,-2.312255859375,-19.529052734375,
0.1925,19.028564453125,2.332275390625,-20.489990234375,
0.193,16.826416015625,6.976806640625,-21.851318359375,
0.1935,12.662353515625,11.501220703125,-21.170654296875,
0.194,7.977783203125,15.545166015625,-20.049560546875,
0.1945,5.054931640625,18.147705078125,-18.928466796875,
0.195,-0.910888671875,21.390869140625,-15.645263671875,
0.1955,-5.114990234375,23.552978515625,-12.962646484375,
0.196,-9.479248046875,24.073486328125,-8.838623046875,
0.1965,-13.803466796875,24.994384765625,-5.235107421875,
0.197,-17.006591796875,23.352783203125,-0.550537109375,
0.1975,-20.009521484375,22.752197265625,2.932861328125,
0.198,-22.291748046875,19.989501953125,7.337158203125,
0.1985,-24.413818359375,17.787353515625,10.900634765625,
0.199,-23.572998046875,13.102783203125,13.743408203125,
0.1995,-24.053466796875,9.098876953125,16.986572265625,
0.2,-22.852294921875,5.375244140625,18.387939453125,
0.2005,-21.050537109375,0.010009765625,20.670166015625,
0.201,-18.768310546875,-4.514404296875,21.671142578125,
0.2015,-15.925537109375,-9.239013671875,22.471923828125,
0.202,-11.921630859375,-13.322998046875,21.751220703125,
0.2025,-7.156982421875,-17.206787109375,20.189697265625,
0.203,-3.713623046875,-19.689208984375,18.508056640625,
0.2035,2.092041015625,-22.732177734375,15.184814453125,
0.204,6.536376953125,-24.974365234375,12.422119140625,
0.2045,11.020751953125,-24.814208984375,7.577392578125,
0.205,14.784423828125,-25.494873046875,4.334228515625,
0.2055,17.947509765625,-23.853271484375,-0.310302734375,
0.206,20.990478515625,-22.692138671875,-4.154052734375,
0.2065,22.872314453125,-19.929443359375,-8.077880859375,
0.207,24.794189453125,-17.166748046875,-11.881591796875,
0.2075,23.633056640625,-12.241943359375,-14.564208984375,
0.208,23.673095703125,-8.238037109375,-17.447021484375,
0.2085,22.271728515625,-4.554443359375,-18.688232421875,
0.209,20.269775390625,1.131103515625,-20.930419921875,
0.2095,17.627197265625,5.735595703125,-21.771240234375,
0.21,13.823486328125,10.820556640625,-21.931396484375,
0.2105,10.099853515625,14.424072265625,-21.130615234375,
0.211,5.175048828125,18.147705078125,-19.248779296875,
0.2115,1.291259765625,20.469970703125,-17.006591796875,
0.212,-3.953857421875,23.152587890625,-13.843505859375,
0.2125,-8.718505859375,25.194580078125,-10.600341796875,
0.213,-12.962646484375,24.433837890625,-5.475341796875,
0.2135,-16.446044921875,24.874267578125,-2.392333984375,
0.214,-19.408935546875,22.912353515625,2.292236328125,
0.2145,-22.291748046875,21.310791015625,6.296142578125,
0.215,-23.572998046875,18.427978515625,9.779541015625,
0.2155,-25.014404296875,14.944580078125,13.663330078125,
0.216,-23.813232421875,10.179931640625,16.105712890625,
0.2165,-23.412841796875,5.935791015625,18.548095703125,
0.217,-21.731201171875,2.052001953125,19.709228515625,
0.2175,-19.889404296875,-3.273193359375,21.791259765625,
0.218,-16.926513671875,-7.837646484375,22.351806640625,
0.2185,-12.682373046875,-12.522216796875,21.871337890625,
0.219,-9.439208984375,-15.765380859375,21.190673828125,
0.2195,-4.194091796875,-19.248779296875,18.788330078125,
0.22,0.250244140625,-21.731201171875,16.185791015625,
0.2205,4.614501953125,-23.853271484375,13.343017578125,
0.221,9.739501953125,-25.655029296875,9.619384765625,
0.2215,13.543212890625,-24.493896484375,4.614501953125,
0.222,16.906494140625,-24.814208984375,1.571533203125,
0.2225,19.709228515625,-22.732177734375,-2.872802734375,
0.223,22.471923828125,-21.010498046875,-6.916748046875,
0.2235,23.352783203125,-18.007568359375,-9.959716796875,
0.224,24.313720703125,-14.123779296875,-13.803466796875,
0.2245,23.312744140625,-9.919677734375,-16.005615234375,
0.225,22.552001953125,-5.515380859375,-18.407958984375,
0.2255,20.630126953125,-1.431396484375,-19.489013671875,
0.226,18.948486328125,3.573486328125,-21.330810546875,
0.2265,15.505126953125,8.418212890625,-21.731201171875,
0.227,10.860595703125,12.942626953125,-20.770263671875,
0.2275,7.977783203125,16.105712890625,-20.329833984375,
0.228,2.532470703125,19.468994140625,-17.567138671875,
0.2285,-1.991943359375,21.951416015625,-15.004638671875,
0.229,-5.915771484375,23.593017578125,-12.121826171875,
0.2295,-11.240966796875,25.234619140625,-8.157958984375,
0.23,-14.764404296875,23.793212890625,-3.193115234375,
0.2305,-18.207763671875,23.913330078125,0.130126953125,
0.231,-20.650146484375,21.631103515625,4.494384765625,
0.2315,-23.372802734375,19.789306640625,8.378173828125,
0.232,-23.693115234375,16.265869140625,11.461181640625,
0.2325,-24.413818359375,12.021728515625,15.264892578125,
0.233,-23.532958984375,8.057861328125,17.226806640625,
0.2335,-22.371826171875,3.173095703125,19.669189453125,
0.234,-20.209716796875,-1.271240234375,20.790283203125,
0.2345,-18.528076171875,-5.835693359375,22.351806640625,
0.235,-14.764404296875,-10.640380859375,22.431884765625,
0.2355,-9.879638671875,-14.884521484375,21.070556640625,
0.236,-6.916748046875,-17.927490234375,20.349853515625,
0.2365,-0.910888671875,-21.130615234375,16.986572265625,
0.237,3.653564453125,-23.693115234375,14.384033203125,
0.2375,7.657470703125,-24.614013671875,10.860595703125,
0.238,12.622314453125,-25.935302734375,6.976806640625,
0.2385,15.985595703125,-24.333740234375,2.092041015625,
0.239,19.388916015625,-24.053466796875,-1.471435546875,
0.2395,21.751220703125,-21.410888671875,-5.915771484375,
0.24,24.153564453125,-19.489013671875,-9.519287109375,
0.2405,23.793212890625,-15.324951171875,-12.402099609375,
0.241,24.153564453125,-11.000732421875,-16.005615234375,
0.2415,23.152587890625,-7.397216796875,-17.487060546875,
0.242,21.430908203125,-1.871826171875,-19.889404296875,
0.2425,19.188720703125,2.572509765625,-20.890380859375,
0.243,16.706298828125,7.217041015625,-21.851318359375,
0.2435,12.782470703125,11.821533203125,-21.691162109375,
0.244,7.737548828125,15.825439453125,-19.929443359375,
0.2445,4.734619140625,18.548095703125,-18.928466796875,
0.245,-1.231201171875,21.510986328125,-15.405029296875,
0.2455,-5.395263671875,23.873291015625,-13.042724609375,
0.246,-9.519287109375,24.033447265625,-8.678466796875,
0.2465,-13.963623046875,24.994384765625,-4.994873046875,
0.247,-16.966552734375,23.392822265625,-0.590576171875,
0.2475,-20.169677734375,22.471923828125,3.333251953125,
0.248,-22.051513671875,19.869384765625,7.337158203125,
0.2485,-24.093505859375,17.627197265625,10.740478515625,
0.249,-23.492919921875,13.222900390625,13.583251953125,
0.2495,-23.412841796875,8.778564453125,16.786376953125,
0.25,-22.692138671875,5.695556640625,18.067626953125,
0.2505,-20.570068359375,0.050048828125,20.229736328125,
0.251,-18.768310546875,-4.033935546875,21.310791015625,
0.2515,-15.645263671875,-8.398193359375,21.510986328125,
0.252,-12.241943359375,-12.642333984375,21.470947265625,
0.2525,-7.397216796875,-16.205810546875,19.589111328125,
0.253,-3.873779296875,-18.968505859375,18.187744140625,
0.2535,1.531494140625,-21.531005859375,14.864501953125,
0.254,5.655517578125,-24.093505859375,12.702392578125,
0.2545,9.739501953125,-23.693115234375,8.017822265625,
0.255,13.823486328125,-24.453857421875,4.494384765625,
0.2555,16.586181640625,-23.332763671875,0.770751953125,
0.256,19.869384765625,-21.971435546875,-3.553466796875,
0.2565,21.591064453125,-19.609130859375,-7.076904296875,
0.257,23.232666015625,-17.086669921875,-10.520263671875,
0.2575,22.912353515625,-12.962646484375,-13.403076171875,
0.258,22.431884765625,-8.398193359375,-16.205810546875,
0.2585,21.711181640625,-5.355224609375,-17.527099609375,
0.259,19.509033203125,0.250244140625,-19.649169921875,
0.2595,17.787353515625,4.574462890625,-21.010498046875,
0.26,13.783447265625,9.018798828125,-20.530029296875,
0.2605,10.700439453125,13.062744140625,-20.690185546875,
0.261,6.015869140625,16.466064453125,-18.728271484375,
0.2615,2.011962890625,19.268798828125,-16.886474609375,
0.262,-2.872802734375,21.591064453125,-13.803466796875,
0.2625,-7.477294921875,24.073486328125,-11.200927734375,
0.263,-11.441162109375,23.352783203125,-6.316162109375,
0.2635,-15.284912109375,23.793212890625,-2.832763671875,
0.264,-17.887451171875,22.552001953125,0.890869140625,
0.2645,-21.090576171875,20.790283203125,5.375244140625,
0.265,-22.612060546875,18.227783203125,8.778564453125,
0.2655,-23.653076171875,14.744384765625,12.382080078125,
0.266,-23.332763671875,10.780517578125,15.024658203125,
0.2665,-22.491943359375,6.176025390625,17.627197265625,
0.267,-21.410888671875,2.732666015625,18.908447265625,
0.2675,-19.288818359375,-2.672607421875,20.870361328125,
0.268,-17.006591796875,-7.357177734375,22.071533203125,
0.2685,-12.522216796875,-11.601318359375,20.990478515625,
0.269,-9.639404296875,-15.124755859375,20.950439453125,
0.2695,-4.674560546875,-18.247802734375,18.468017578125,
0.27,0.050048828125,-21.170654296875,16.065673828125,
0.2705,4.334228515625,-23.012451171875,13.102783203125,
0.271,9.379150390625,-25.054443359375,9.659423828125,
0.2715,12.822509765625,-23.933349609375,5.014892578125,
0.272,16.546142578125,-24.053466796875,1.411376953125,
0.2725,18.868408203125,-22.451904296875,-2.232177734375,
0.273,21.831298828125,-20.530029296875,-6.636474609375,
0.2735,22.992431640625,-17.767333984375,-9.879638671875,
0.274,23.352783203125,-13.643310546875,-13.282958984375,
0.2745,23.072509765625,-10.119873046875,-15.485107421875,
0.275,21.751220703125,-5.275146484375,-17.767333984375,
0.2755,20.229736328125,-1.391357421875,-18.968505859375,
0.276,18.227783203125,3.413330078125,-20.489990234375,
0.2765,15.344970703125,8.378173828125,-21.490966796875,
0.277,10.540283203125,12.342041015625,-19.929443359375,
0.2775,7.737548828125,15.705322265625,-19.809326171875,
0.278,2.892822265625,18.427978515625,-17.086669921875,
0.2785,-1.871826171875,21.390869140625,-14.684326171875,
0.279,-5.635498046875,22.672119140625,-11.681396484375,
0.2795,-10.720458984375,24.313720703125,-7.877685546875,
0.28,-13.843505859375,23.232666015625,-3.673583984375,
0.2805,-17.447021484375,22.872314453125,0.250244140625,
0.281,-19.489013671875,21.110595703125,3.653564453125,
0.2815,-22.091552734375,19.148681640625,7.657470703125,
0.282,-23.052490234375,15.985595703125,10.980712890625,
0.2825,-22.932373046875,11.581298828125,14.223876953125,
0.283,-22.932373046875,8.578369140625,16.305908203125,
0.2835,-21.250732421875,3.653564453125,18.307861328125,
0.284,-19.809326171875,-0.590576171875,19.869384765625,
0.2845,-17.887451171875,-4.754638671875,20.950439453125,
0.285,-14.804443359375,-9.799560546875,21.871337890625,
0.2855,-10.039794921875,-13.403076171875,20.029541015625,
0.286,-7.036865234375,-16.766357421875,19.709228515625,
0.2865,-2.031982421875,-19.288818359375,16.626220703125,
0.287,2.612548828125,-22.331787109375,14.464111328125,
0.2875,6.496337890625,-23.212646484375,11.060791015625,
0.288,11.341064453125,-24.413818359375,7.177001953125,
0.2885,14.263916015625,-23.653076171875,3.413330078125,
0.289,17.947509765625,-22.852294921875,-0.950927734375,
0.2895,20.029541015625,-20.970458984375,-4.474365234375,
0.29,22.271728515625,-19.088623046875,-8.037841796875,
0.2905,23.032470703125,-15.445068359375,-11.481201171875,
0.291,22.471923828125,-10.840576171875,-14.524169921875,
0.2915,22.552001953125,-7.997802734375,-16.365966796875,
0.292,20.429931640625,-2.632568359375,-18.407958984375,
0.2925,19.028564453125,1.731689453125,-20.129638671875,
0.293,16.345947265625,5.895751953125,-20.530029296875,
0.2935,13.022705078125,10.940673828125,-21.290771484375,
0.294,8.298095703125,14.343994140625,-19.408935546875,
0.2945,4.774658203125,17.787353515625,-18.528076171875,
0.295,-0.310302734375,20.149658203125,-15.244873046875,
0.2955,-4.634521484375,23.032470703125,-13.202880859375,
0.296,-8.718505859375,23.352783203125,-9.118896484375,
0.2965,-13.322998046875,24.033447265625,-5.034912109375,
0.297,-16.005615234375,23.312744140625,-1.631591796875,
0.2975,-19.569091796875,21.791259765625,3.133056640625,
0.298,-21.490966796875,19.589111328125,6.696533203125,
0.2985,-23.212646484375,17.346923828125,10.019775390625,
0.299,-23.653076171875,13.423095703125,13.423095703125,
0.2995,-22.732177734375,8.578369140625,16.185791015625,
0.3,-22.612060546875,5.695556640625,17.907470703125,
0.3005,-20.089599609375,0.010009765625,19.789306640625,
0.301,-18.728271484375,-4.274169921875,21.470947265625,
0.3015,-15.324951171875,-8.318115234375,21.110595703125,
0.302,-12.041748046875,-12.962646484375,21.510986328125,
0.3025,-7.517333984375,-16.085693359375,19.589111328125,
0.303,-3.193115234375,-19.489013671875,17.907470703125,
0.3035,1.771728515625,-21.571044921875,14.584228515625,
0.304,6.055908203125,-24.293701171875,12.422119140625,
0.3045,10.179931640625,-24.053466796875,7.897705078125,
0.305,14.303955078125,-24.293701171875,3.773681640625,
0.3055,16.826416015625,-23.693115234375,0.770751953125,
0.306,20.269775390625,-21.771240234375,-4.194091796875,
0.3065,22.071533203125,-19.489013671875,-7.597412109375,
0.307,23.072509765625,-16.606201171875,-10.720458984375,
0.3075,23.472900390625,-12.802490234375,-13.923583984375,
0.308,22.231689453125,-7.997802734375,-16.325927734375,
0.3085,21.751220703125,-4.754638671875,-17.967529296875,
0.309,19.188720703125,0.770751953125,-19.689208984375,
0.3095,17.787353515625,5.255126953125,-21.490966796875,
0.31,13.423095703125,9.419189453125,-20.489990234375,
0.3105,10.179931640625,13.703369140625,-20.650146484375,
0.311,6.055908203125,16.586181640625,-18.768310546875,
0.3115,1.251220703125,19.909423828125,-16.646240234375,
0.312,-3.313232421875,21.751220703125,-13.443115234375,
0.3125,-7.797607421875,24.113525390625,-10.760498046875,
0.313,-11.721435546875,23.753173828125,-6.396240234375,
0.3135,-15.645263671875,23.392822265625,-2.152099609375,
0.314,-17.967529296875,22.712158203125,0.810791015625,
0.3145,-21.130615234375,20.469970703125,5.735595703125,
0.315,-22.892333984375,18.227783203125,9.138916015625,
0.3155,-23.212646484375,14.504150390625,12.302001953125,
0.316,-23.693115234375,10.940673828125,15.304931640625,
0.3165,-22.171630859375,6.135986328125,17.427001953125,
0.317,-21.370849609375,2.412353515625,19.148681640625,
0.3175,-18.968505859375,-2.712646484375,20.630126953125,
0.318,-17.126708984375,-7.437255859375,22.311767578125,
0.3185,-12.562255859375,-11.401123046875,20.870361328125,
0.319,-9.239013671875,-15.364990234375,20.790283203125,
0.3195,-5.155029296875,-17.927490234375,18.628173828125,
0.32,0.250244140625,-21.290771484375,16.025634765625,
0.3205,4.414306640625,-23.012451171875,13.022705078125,
0.321,9.259033203125,-24.814208984375,9.579345703125,
0.3215,12.742431640625,-24.453857421875,5.575439453125,
0.322,16.506103515625,-23.733154296875,1.171142578125,
0.3225,18.788330078125,-22.732177734375,-1.911865234375,
0.323,21.711181640625,-20.369873046875,-6.516357421875,
0.3235,23.392822265625,-17.887451171875,-10.039794921875,
0.324,22.992431640625,-13.443115234375,-13.002685546875,
0.3245,23.472900390625,-10.239990234375,-15.685302734375,
0.325,21.711181640625,-5.475341796875,-17.527099609375,
0.3255,20.469970703125,-1.151123046875,-19.368896484375,
0.326,18.067626953125,3.613525390625,-20.530029296875,
0.3265,15.425048828125,8.738525390625,-21.931396484375,
0.327,10.700439453125,12.502197265625,-20.209716796875,
0.3275,7.297119140625,16.225830078125,-19.849365234375,
0.328,3.173095703125,18.548095703125,-17.366943359375,
0.3285,-2.232177734375,21.871337890625,-14.764404296875,
0.329,-6.276123046875,23.312744140625,-11.601318359375,
0.3295,-11.160888671875,24.393798828125,-7.557373046875,
0.33,-14.323974609375,24.033447265625,-3.953857421875,
0.3305,-17.927490234375,22.912353515625,0.690673828125,
0.331,-20.129638671875,21.510986328125,3.973876953125,
0.3315,-22.531982421875,19.188720703125,8.097900390625,
0.332,-24.093505859375,16.145751953125,11.861572265625,
0.3325,-23.172607421875,11.301025390625,14.704345703125,
0.333,-23.613037109375,8.258056640625,17.026611328125,
0.3335,-21.611083984375,3.413330078125,18.708251953125,
0.334,-20.169677734375,-1.351318359375,20.710205078125,
0.3345,-17.767333984375,-5.595458984375,21.470947265625,
0.335,-14.644287109375,-10.840576171875,22.471923828125,
0.3355,-10.119873046875,-14.163818359375,20.630126953125,
0.336,-6.276123046875,-17.927490234375,19.829345703125,
0.3365,-1.751708984375,-20.089599609375,16.826416015625,
0.337,3.373291015625,-23.332763671875,14.343994140625,
0.3375,7.657470703125,-24.453857421875,10.740478515625,
0.338,12.382080078125,-24.974365234375,6.376220703125,
0.3385,15.344970703125,-24.694091796875,3.173095703125,
0.339,18.908447265625,-23.172607421875,-1.751708984375,
0.3395,21.150634765625,-21.410888671875,-5.275146484375,
0.34,23.032470703125,-19.128662109375,-8.758544921875,
0.3405,24.313720703125,-15.525146484375,-12.642333984375,
0.341,23.072509765625,-10.520263671875,-15.324951171875,
0.3415,23.232666015625,-7.557373046875,-17.366943359375,
0.342,20.830322265625,-2.272216796875,-18.968505859375,
0.3425,19.428955078125,2.532470703125,-21.090576171875,
0.343,16.345947265625,6.776611328125,-21.210693359375,
0.3435,12.782470703125,12.061767578125,-21.931396484375,
0.344,8.378173828125,15.224853515625,-20.089599609375,
0.3445,4.053955078125,18.868408203125,-18.608154296875,
0.345,-0.630615234375,20.870361328125,-15.445068359375,
0.3455,-5.235107421875,23.753173828125,-13.122802734375,
0.346,-9.759521484375,24.433837890625,-8.958740234375,
0.3465,-14.203857421875,24.393798828125,-4.314208984375,
0.347,-16.966552734375,24.233642578125,-1.351318359375,
0.3475,-20.369873046875,22.111572265625,3.813720703125,
0.348,-22.491943359375,20.149658203125,7.377197265625,
0.3485,-23.693115234375,17.427001953125,10.540283203125,
0.349,-24.694091796875,13.583251953125,14.343994140625,
0.3495,-23.212646484375,8.458251953125,16.786376953125,
0.35,-23.132568359375,5.215087890625,18.748291015625,
0.3505,-20.489990234375,-0.150146484375,20.189697265625,
0.351,-19.168701171875,-4.754638671875,22.231689453125,
0.3515,-15.445068359375,-8.918701171875,21.671142578125,
0.352,-11.681396484375,-13.803466796875,21.911376953125,
0.3525,-7.757568359375,-16.646240234375,20.189697265625,
0.353,-2.632568359375,-20.289794921875,17.987548828125,
0.3535,1.971923828125,-22.171630859375,14.744384765625,
0.354,6.296142578125,-24.694091796875,12.342041015625,
0.3545,10.820556640625,-25.054443359375,7.977783203125,
0.355,14.864501953125,-24.413818359375,3.293212890625,
0.3555,17.507080078125,-24.293701171875,0.610595703125,
0.356,20.710205078125,-21.931396484375,-4.514404296875,
0.3565,22.792236328125,-19.889404296875,-7.997802734375,
0.357,23.352783203125,-16.686279296875,-10.920654296875,
0.3575,24.233642578125,-12.882568359375,-14.564208984375,
0.358,22.632080078125,-8.077880859375,-16.646240234375,
0.3585,22.071533203125,-4.314208984375,-18.648193359375,
0.359,19.468994140625,0.770751953125,-19.889404296875,
0.3595,18.067626953125,5.415283203125,-21.851318359375,
0.36,13.743408203125,9.659423828125,-20.930419921875,
0.3605,9.779541015625,14.263916015625,-20.810302734375,
0.361,6.376220703125,16.826416015625,-19.328857421875,
0.3615,0.890869140625,20.349853515625,-16.686279296875,
0.362,-3.393310546875,22.191650390625,-13.723388671875,
0.3625,-7.757568359375,24.193603515625,-10.760498046875,
0.363,-12.161865234375,24.593994140625,-6.596435546875,
0.3635,-15.925537109375,23.552978515625,-1.831787109375,
0.364,-18.528076171875,23.192626953125,1.051025390625,
0.3645,-21.410888671875,20.670166015625,5.895751953125,
0.365,-23.572998046875,18.628173828125,9.459228515625,
0.3655,-23.372802734375,14.624267578125,12.422119140625,
0.366,-24.253662109375,10.900634765625,15.865478515625,
0.3665,-22.652099609375,6.376220703125,17.667236328125,
0.367,-21.691162109375,2.052001953125,19.789306640625,
0.3675,-19.208740234375,-2.832763671875,20.870361328125,
0.368,-17.366943359375,-7.557373046875,22.592041015625,
0.3685,-12.922607421875,-11.601318359375,21.390869140625,
0.369,-8.838623046875,-15.885498046875,20.830322265625,
0.3695,-5.435302734375,-18.287841796875,19.108642578125,
0.37,0.490478515625,-21.771240234375,16.065673828125,
0.3705,4.694580078125,-23.572998046875,13.182861328125,
0.371,9.339111328125,-24.774169921875,9.339111328125,
0.3715,13.222900390625,-25.174560546875,5.695556640625,
0.372,16.786376953125,-23.853271484375,0.930908203125,
0.3725,19.348876953125,-23.092529296875,-2.232177734375,
0.373,21.951416015625,-20.489990234375,-6.796630859375,
0.3735,24.033447265625,-18.247802734375,-10.360107421875,
0.374,23.192626953125,-13.603271484375,-13.162841796875,
0.3745,23.873291015625,-10.119873046875,-16.205810546875,
0.375,22.151611328125,-5.755615234375,-17.727294921875,
0.3755,20.670166015625,-0.830810546875,-19.889404296875,
0.376,18.147705078125,3.853759765625,-20.810302734375,
0.3765,15.465087890625,8.898681640625,-22.051513671875,
0.377,11.020751953125,12.742431640625,-20.730224609375,
0.3775,6.896728515625,16.666259765625,-19.849365234375,
0.378,3.373291015625,18.748291015625,-17.767333984375,
0.3785,-2.392333984375,22.071533203125,-14.724365234375,
0.379,-6.596435546875,23.833251953125,-11.721435546875,
0.3795,-11.321044921875,24.313720703125,-7.197021484375,
0.38,-14.764404296875,24.634033203125,-3.993896484375,
0.3805,-18.007568359375,22.992431640625,0.810791015625,
0.381,-20.489990234375,21.751220703125,4.174072265625,
0.3815,-22.572021484375,19.188720703125,8.218017578125,
0.382,-24.413818359375,16.345947265625,12.021728515625,
0.3825,-23.212646484375,11.421142578125,14.704345703125,
0.383,-23.613037109375,7.977783203125,17.346923828125,
0.3835,-21.811279296875,3.853759765625,18.548095703125,
0.384,-20.209716796875,-1.351318359375,20.790283203125,
0.3845,-17.687255859375,-5.635498046875,21.470947265625,
0.385,-14.404052734375,-10.720458984375,22.071533203125,
0.3855,-10.440185546875,-14.083740234375,20.870361328125,
0.386,-6.075927734375,-17.767333984375,19.428955078125,
0.3865,-2.192138671875,-19.729248046875,16.946533203125,
0.387,3.012939453125,-22.692138671875,14.223876953125,
0.3875,7.537353515625,-24.413818359375,10.940673828125,
0.388,11.781494140625,-24.093505859375,6.256103515625,
0.3885,14.984619140625,-24.614013671875,3.413330078125,
0.389,17.987548828125,-22.772216796875,-1.191162109375,
0.3895,20.590087890625,-21.250732421875,-4.874755859375,
0.39,22.151611328125,-18.848388671875,-8.278076171875,
0.3905,23.713134765625,-15.565185546875,-12.121826171875,
0.391,22.511962890625,-10.880615234375,-14.564208984375,
0.3915,22.552001953125,-7.397216796875,-16.966552734375,
0.392,20.630126953125,-3.393310546875,-17.967529296875,
0.3925,19.188720703125,1.611572265625,-20.209716796875,
0.393,16.305908203125,6.095947265625,-20.770263671875,
0.3935,12.422119140625,10.940673828125,-20.770263671875,
0.394,9.178955078125,14.103759765625,-20.049560546875,
0.3945,4.494384765625,17.587158203125,-18.087646484375,
0.395,0.490478515625,19.709228515625,-15.565185546875,
0.3955,-3.873779296875,22.151611328125,-13.162841796875,
0.396,-8.878662109375,23.873291015625,-9.519287109375,
0.3965,-12.802490234375,23.032470703125,-4.754638671875,
0.397,-15.885498046875,23.593017578125,-2.031982421875,
0.3975,-18.568115234375,21.551025390625,2.452392578125,
0.398,-21.210693359375,19.949462890625,6.256103515625,
0.3985,-22.291748046875,17.186767578125,9.339111328125,
0.399,-23.572998046875,13.583251953125,13.262939453125,
0.3995,-22.531982421875,9.259033203125,15.505126953125,
0.4,-22.211669921875,5.415283203125,17.867431640625,
0.4005,-20.209716796875,1.291259765625,18.908447265625,
0.401,-18.888427734375,-3.473388671875,20.990478515625,
0.4015,-15.525146484375,-8.077880859375,21.270751953125,
0.402,-11.401123046875,-12.562255859375,20.750244140625,
0.4025,-8.638427734375,-15.445068359375,20.229736328125,
0.403,-3.353271484375,-18.808349609375,17.627197265625,
0.4035,1.010986328125,-21.090576171875,14.984619140625,
0.404,4.974853515625,-23.012451171875,12.422119140625,
0.4045,10.099853515625,-24.533935546875,8.618408203125,
0.405,13.583251953125,-23.332763671875,3.853759765625,
0.4055,16.706298828125,-23.693115234375,1.051025390625,
0.406,19.308837890625,-21.410888671875,-3.473388671875,
0.4065,21.911376953125,-19.729248046875,-7.116943359375,
0.407,22.391845703125,-16.486083984375,-10.119873046875,
0.4075,23.312744140625,-12.642333984375,-13.883544921875,
0.408,22.271728515625,-8.678466796875,-15.725341796875,
0.4085,21.350830078125,-4.314208984375,-18.007568359375,
0.409,19.228759765625,0.010009765625,-19.088623046875,
0.4095,17.667236328125,4.534423828125,-20.850341796875,
0.41,13.903564453125,9.259033203125,-20.810302734375,
0.4105,9.339111328125,13.503173828125,-19.849365234375,
0.411,6.736572265625,16.265869140625,-19.208740234375,
0.4115,1.211181640625,19.388916015625,-16.165771484375,
0.412,-3.072998046875,21.671142578125,-13.683349609375,
0.4125,-7.036865234375,22.872314453125,-10.440185546875,
0.413,-11.801513671875,24.193603515625,-6.756591796875,
0.4135,-15.084716796875,22.752197265625,-2.112060546875,
0.414,-18.087646484375,22.552001953125,1.091064453125,
0.4145,-20.329833984375,20.149658203125,5.295166015625,
0.415,-22.732177734375,18.347900390625,8.818603515625,
0.4155,-22.572021484375,14.384033203125,11.821533203125,
0.416,-23.132568359375,10.380126953125,15.224853515625,
0.4165,-22.291748046875,6.936767578125,16.786376953125,
0.417,-20.810302734375,2.052001953125,18.948486328125,
0.4175,-18.848388671875,-2.232177734375,19.989501953125,
0.418,-16.806396484375,-6.556396484375,21.190673828125,
0.4185,-13.202880859375,-10.920654296875,21.110595703125,
0.419,-8.598388671875,-14.764404296875,19.709228515625,
0.4195,-5.755615234375,-17.366943359375,18.828369140625,
0.42,-0.150146484375,-20.249755859375,15.545166015625,
0.4205,3.893798828125,-22.652099609375,13.383056640625,
0.421,7.977783203125,-23.052490234375,9.339111328125,
0.4215,12.302001953125,-24.253662109375,6.015869140625,
0.422,15.304931640625,-22.932373046875,1.811767578125,
0.4225,18.347900390625,-22.291748046875,-1.791748046875,
0.423,20.389892578125,-19.889404296875,-5.715576171875,
0.4235,22.552001953125,-17.967529296875,-9.118896484375,
0.424,22.151611328125,-13.763427734375,-12.041748046875,
0.4245,22.391845703125,-9.719482421875,-15.204833984375,
0.425,21.711181640625,-6.756591796875,-16.526123046875,
0.4255,19.829345703125,-1.431396484375,-18.728271484375,
0.426,17.947509765625,2.732666015625,-19.889404296875,
0.4265,15.064697265625,7.297119140625,-20.449951171875,
0.427,11.661376953125,11.541259765625,-20.489990234375,
0.4275,7.056884765625,15.144775390625,-18.848388671875,
0.428,3.893798828125,17.707275390625,-17.487060546875,
0.4285,-1.391357421875,20.349853515625,-14.404052734375,
0.429,-5.515380859375,22.912353515625,-12.201904296875,
0.4295,-9.719482421875,22.672119140625,-7.557373046875,
0.43,-13.723388671875,23.593017578125,-4.354248046875,
0.4305,-16.486083984375,22.351806640625,-0.430419921875,
0.431,-19.529052734375,21.110595703125,3.613525390625,
0.4315,-21.290771484375,18.668212890625,7.257080078125,
0.432,-23.092529296875,16.145751953125,10.820556640625,
0.4325,-22.652099609375,11.821533203125,13.663330078125,
0.433,-22.451904296875,7.617431640625,16.546142578125,
0.4335,-21.611083984375,4.534423828125,17.707275390625,
0.434,-19.609130859375,-0.990966796875,19.869384765625,
0.4345,-17.687255859375,-5.195068359375,21.150634765625,
0.435,-13.963623046875,-9.759521484375,20.950439453125,
0.4355,-10.880615234375,-13.523193359375,20.990478515625,
0.436,-6.115966796875,-16.966552734375,18.988525390625,
0.4365,-2.152099609375,-19.569091796875,16.946533203125,
0.437,2.732666015625,-21.931396484375,13.943603515625,
0.4375,7.417236328125,-24.293701171875,11.140869140625,
0.438,11.341064453125,-23.532958984375,6.336181640625,
0.4385,15.064697265625,-24.133544921875,3.133056640625,
0.439,17.627197265625,-22.692138671875,-0.750732421875,
0.4395,20.670166015625,-21.050537109375,-4.994873046875,
0.44,22.071533203125,-18.447998046875,-8.318115234375,
0.4405,23.272705078125,-15.124755859375,-12.001708984375,
0.441,22.792236328125,-11.160888671875,-14.524169921875,
0.4415,22.391845703125,-6.516357421875,-16.806396484375,
0.442,20.790283203125,-3.313232421875,-18.087646484375,
0.4425,18.828369140625,1.971923828125,-20.049560546875,
0.443,16.225830078125,6.696533203125,-21.090576171875,
0.4435,11.781494140625,11.100830078125,-20.249755859375,
0.444,9.018798828125,14.584228515625,-20.209716796875,
0.4445,4.214111328125,17.667236328125,-17.847412109375,
0.445,-0.190185546875,20.349853515625,-15.445068359375,
0.4455,-4.354248046875,22.111572265625,-12.642333984375,
0.446,-9.399169921875,24.193603515625,-9.239013671875,
0.4465,-12.962646484375,23.072509765625,-4.514404296875,
0.447,-16.526123046875,23.352783203125,-1.151123046875,
0.4475,-18.768310546875,21.631103515625,2.532470703125,
0.448,-21.611083984375,19.829345703125,6.696533203125,
0.4485,-22.652099609375,16.906494140625,9.939697265625,
0.449,-23.252685546875,12.942626953125,13.423095703125,
0.4495,-23.012451171875,9.339111328125,15.785400390625,
0.45,-21.851318359375,4.814697265625,17.987548828125,
0.4505,-20.329833984375,1.010986328125,19.188720703125,
0.451,-18.528076171875,-3.633544921875,20.750244140625,
0.4515,-15.645263671875,-8.518310546875,21.711181640625,
0.452,-10.960693359375,-12.562255859375,20.309814453125,
0.4525,-8.318115234375,-15.885498046875,20.229736328125,
0.453,-3.313232421875,-18.648193359375,17.427001953125,
0.4535,1.331298828125,-21.490966796875,15.024658203125,
0.454,5.135009765625,-22.852294921875,12.101806640625,
0.4545,10.219970703125,-24.573974609375,8.378173828125,
0.455,13.463134765625,-23.492919921875,4.093994140625,
0.4555,17.066650390625,-23.372802734375,0.450439453125,
0.456,19.228759765625,-21.531005859375,-3.193115234375,
0.4565,21.831298828125,-19.729248046875,-7.076904296875,
0.457,22.632080078125,-16.526123046875,-10.400146484375,
0.4575,22.752197265625,-12.241943359375,-13.803466796875,
0.458,22.752197265625,-9.158935546875,-15.845458984375,
0.4585,21.110595703125,-4.154052734375,-17.967529296875,
0.459,19.468994140625,0.090087890625,-19.328857421875,
0.4595,17.467041015625,4.414306640625,-20.530029296875,
0.46,14.143798828125,9.579345703125,-21.330810546875,
0.4605,9.259033203125,13.423095703125,-19.689208984375,
0.461,6.456298828125,16.706298828125,-19.368896484375,
0.4615,1.291259765625,19.348876953125,-16.205810546875,
0.462,-3.233154296875,22.231689453125,-14.003662109375,
0.4625,-7.156982421875,22.992431640625,-10.400146484375,
0.463,-12.161865234375,24.353759765625,-6.556396484375,
0.4635,-15.164794921875,23.312744140625,-2.472412109375,
0.464,-18.728271484375,22.552001953125,1.651611328125,
0.4645,-20.690185546875,20.429931640625,5.375244140625,
0.465,-23.052490234375,18.427978515625,8.978759765625,
0.4655,-23.412841796875,14.464111328125,12.422119140625,
0.466,-23.212646484375,9.859619140625,15.665283203125,
0.4665,-23.052490234375,7.016845703125,17.346923828125,
0.467,-20.930419921875,1.531494140625,19.509033203125,
0.4675,-19.248779296875,-2.792724609375,20.830322265625,
0.468,-16.646240234375,-6.996826171875,21.390869140625,
0.4685,-13.282958984375,-11.841552734375,21.951416015625,
0.469,-8.318115234375,-15.405029296875,19.989501953125,
0.4695,-4.994873046875,-18.568115234375,19.028564453125,
0.47,0.450439453125,-21.050537109375,15.505126953125,
0.4705,4.774658203125,-23.853271484375,13.423095703125,
0.471,8.938720703125,-23.893310546875,8.978759765625,
0.4715,13.423095703125,-24.814208984375,5.175048828125,
0.472,16.265869140625,-23.853271484375,1.531494140625,
0.4725,19.709228515625,-22.572021484375,-2.952880859375,
0.473,21.470947265625,-20.209716796875,-6.596435546875,
0.4735,23.352783203125,-18.007568359375,-9.959716796875,
0.474,23.432861328125,-13.963623046875,-13.162841796875,
0.4745,22.792236328125,-9.118896484375,-16.085693359375,
0.475,22.511962890625,-6.236083984375,-17.607177734375,
0.4755,20.029541015625,-0.590576171875,-19.489013671875,
0.476,18.387939453125,3.813720703125,-20.970458984375,
0.4765,14.824462890625,8.137939453125,-20.770263671875,
0.477,11.501220703125,12.742431640625,-21.130615234375,
0.4775,6.776611328125,16.025634765625,-19.208740234375,
0.478,2.932861328125,19.148681640625,-17.647216796875,
0.4785,-2.112060546875,21.270751953125,-14.243896484375,
0.479,-6.396240234375,23.953369140625,-12.121826171875,
0.4795,-10.600341796875,23.633056640625,-7.317138671875,
0.48,-14.804443359375,24.033447265625,-3.393310546875,
0.4805,-17.406982421875,23.232666015625,-0.110107421875,
0.481,-20.690185546875,21.390869140625,4.614501953125,
0.4815,-22.371826171875,18.948486328125,8.097900390625,
0.482,-23.653076171875,16.065673828125,11.461181640625,
0.4825,-23.813232421875,12.141845703125,14.624267578125,
0.483,-22.772216796875,7.257080078125,17.306884765625,
0.4835,-22.291748046875,4.174072265625,18.708251953125,
0.484,-19.809326171875,-1.471435546875,20.510009765625,
0.4845,-18.207763671875,-5.875732421875,22.151611328125,
0.485,-13.963623046875,-10.199951171875,21.270751953125,
0.4855,-10.760498046875,-14.404052734375,21.470947265625,
0.486,-6.276123046875,-17.447021484375,19.348876953125,
0.4865,-1.551513671875,-20.610107421875,17.186767578125,
0.487,3.213134765625,-22.572021484375,13.903564453125,
0.4875,7.937744140625,-25.014404296875,11.100830078125,
0.488,11.821533203125,-24.373779296875,6.416259765625,
0.4885,15.865478515625,-24.413818359375,2.412353515625,
0.489,18.307861328125,-23.572998046875,-0.910888671875,
0.4895,21.470947265625,-21.410888671875,-5.595458984375,
0.49,23.192626953125,-18.808349609375,-9.038818359375,
0.4905,23.633056640625,-15.124755859375,-12.402099609375,
0.491,23.833251953125,-11.401123046875,-15.244873046875,
0.4915,22.431884765625,-6.516357421875,-17.527099609375,
0.492,21.430908203125,-2.912841796875,-18.968505859375,
0.4925,18.948486328125,2.412353515625,-20.530029296875,
0.493,16.706298828125,7.337158203125,-22.051513671875,
0.4935,11.821533203125,11.541259765625,-20.610107421875,
0.494,8.698486328125,15.465087890625,-20.570068359375,
0.4945,4.294189453125,18.187744140625,-18.247802734375,
0.495,-0.790771484375,21.390869140625,-15.685302734375,
0.4955,-4.994873046875,22.912353515625,-12.562255859375,
0.496,-10.079833984375,24.834228515625,-8.998779296875,
0.4965,-13.603271484375,24.033447265625,-4.554443359375,
0.497,-17.326904296875,23.552978515625,-0.590576171875,
0.4975,-19.569091796875,22.311767578125,2.812744140625,
0.498,-22.411865234375,20.029541015625,7.337158203125,
0.4985,-23.733154296875,17.226806640625,10.780517578125,
0.499,-23.653076171875,12.782470703125,14.023681640625,
0.4995,-23.933349609375,9.459228515625,16.586181640625,
0.5,-22.291748046875,4.574462890625,18.548095703125,
0.5005,-20.850341796875,0.450439453125,20.149658203125,
0.501,-18.608154296875,-4.154052734375,21.190673828125,
0.5015,-15.925537109375,-9.279052734375,22.471923828125,
0.502,-11.040771484375,-13.082763671875,20.710205078125,
0.5025,-7.837646484375,-16.766357421875,20.469970703125,
0.503,-3.273193359375,-19.208740234375,17.787353515625,
0.5035,1.931884765625,-22.411865234375,15.184814453125,
0.504,5.855712890625,-23.693115234375,12.021728515625,
0.5045,10.900634765625,-25.014404296875,7.977783203125,
0.505,14.143798828125,-24.413818359375,4.053955078125,
0.5055,17.867431640625,-23.693115234375,-0.310302734375,
0.506,19.989501953125,-22.131591796875,-3.593505859375,
0.5065,22.391845703125,-19.929443359375,-7.517333984375,
0.507,23.673095703125,-16.806396484375,-11.160888671875,
0.5075,23.072509765625,-12.081787109375,-14.243896484375,
0.508,23.352783203125,-9.038818359375,-16.486083984375,
0.5085,21.390869140625,-3.993896484375,-18.327880859375,
0.509,19.909423828125,0.490478515625,-20.089599609375,
0.5095,17.547119140625,4.774658203125,-20.810302734375,
0.51,14.263916015625,10.059814453125,-21.811279296875,
0.5105,9.499267578125,13.703369140625,-20.009521484375,
0.511,5.935791015625,17.346923828125,-19.408935546875,
0.5115,1.411376953125,19.669189453125,-16.526123046875,
0.512,-3.473388671875,22.712158203125,-14.123779296875,
0.5125,-7.557373046875,23.552978515625,-10.440185546875,
0.513,-12.482177734375,24.393798828125,-6.156005859375,
0.5135,-15.485107421875,23.953369140625,-2.672607421875,
0.514,-19.168701171875,22.592041015625,2.132080078125,
0.5145,-21.130615234375,20.790283203125,5.495361328125,
0.515,-23.092529296875,18.548095703125,9.018798828125,
0.5155,-24.053466796875,14.864501953125,12.782470703125,
0.516,-23.172607421875,9.899658203125,15.705322265625,
0.5165,-23.372802734375,6.896728515625,17.787353515625,
0.517,-21.090576171875,1.611572265625,19.509033203125,
0.5175,-19.649169921875,-2.872802734375,21.350830078125,
0.518,-16.766357421875,-6.956787109375,21.430908203125,
0.5185,-13.322998046875,-12.081787109375,22.151611328125,
0.519,-8.758544921875,-15.405029296875,20.269775390625,
0.5195,-4.554443359375,-19.008544921875,18.988525390625,
0.52,0.290283203125,-21.090576171875,15.705322265625,
0.5205,4.654541015625,-23.893310546875,13.503173828125,
0.521,8.978759765625,-24.293701171875,9.259033203125,
0.5215,13.423095703125,-24.614013671875,4.894775390625,
0.522,16.305908203125,-24.333740234375,1.771728515625,
0.5225,19.789306640625,-22.451904296875,-3.153076171875,
0.523,21.751220703125,-20.409912109375,-6.596435546875,
0.5235,23.032470703125,-17.967529296875,-9.679443359375,
0.524,23.833251953125,-14.123779296875,-13.282958984375,
0.5245,22.552001953125,-9.158935546875,-15.885498046875,
0.525,22.511962890625,-6.035888671875,-17.767333984375,
0.5255,19.909423828125,-0.790771484375,-19.248779296875,
0.526,18.548095703125,3.693603515625,-21.090576171875,
0.5265,14.864501953125,7.737548828125,-20.530029296875,
0.527,11.260986328125,12.582275390625,-20.850341796875,
0.5275,7.297119140625,15.625244140625,-19.288818359375,
0.528,2.612548828125,19.068603515625,-17.366943359375,
0.5285,-1.791748046875,20.950439453125,-14.323974609375,
0.529,-5.915771484375,23.352783203125,-12.081787109375,
0.5295,-10.280029296875,23.593017578125,-7.717529296875,
0.53,-14.364013671875,23.232666015625,-3.233154296875,
0.5305,-17.006591796875,23.152587890625,-0.510498046875,
0.531,-20.089599609375,20.990478515625,4.414306640625,
0.5315,-22.011474609375,19.068603515625,7.697509765625,
0.532,-22.612060546875,15.985595703125,10.620361328125,
0.5325,-23.492919921875,12.302001953125,14.143798828125,
0.533,-22.211669921875,7.577392578125,16.466064453125,
0.5335,-21.811279296875,4.093994140625,18.468017578125,
0.534,-19.448974609375,-0.870849609375,19.789306640625,
0.5345,-18.207763671875,-5.155029296875,21.631103515625,
0.535,-14.203857421875,-9.158935546875,20.750244140625,
0.5355,-10.520263671875,-13.643310546875,20.670166015625,
0.536,-6.996826171875,-16.446044921875,19.388916015625,
0.5365,-1.671630859375,-19.929443359375,16.906494140625,
0.537,2.492431640625,-21.771240234375,14.103759765625,
0.5375,6.736572265625,-23.733154296875,11.220947265625,
0.538,10.940673828125,-24.133544921875,7.217041015625,
0.5385,14.784423828125,-23.332763671875,2.652587890625,
0.539,17.427001953125,-23.212646484375,-0.110107421875,
0.5395,20.389892578125,-20.850341796875,-4.874755859375,
0.54,22.391845703125,-18.928466796875,-8.197998046875,
0.5405,22.311767578125,-15.124755859375,-11.080810546875,
0.541,23.192626953125,-11.601318359375,-14.444091796875,
0.5415,21.791259765625,-7.116943359375,-16.446044921875,
0.542,20.910400390625,-2.992919921875,-18.528076171875,
0.5425,18.548095703125,1.731689453125,-19.729248046875,
0.543,16.706298828125,6.416259765625,-21.410888671875,
0.5435,12.302001953125,10.460205078125,-20.209716796875,
0.544,8.418212890625,14.704345703125,-19.849365234375,
0.5445,5.135009765625,17.146728515625,-18.327880859375,
0.545,-0.470458984375,20.550048828125,-15.525146484375,
0.5455,-4.474365234375,22.271728515625,-12.802490234375,
0.546,-9.038818359375,23.512939453125,-9.038818359375,
0.5465,-12.842529296875,23.793212890625,-5.355224609375,
0.547,-16.406005859375,22.712158203125,-0.750732421875,
0.5475,-18.888427734375,22.031494140625,2.252197265625,
0.548,-21.450927734375,19.589111328125,6.696533203125,
0.5485,-23.372802734375,17.266845703125,10.219970703125,
0.549,-22.572021484375,12.742431640625,13.022705078125,
0.5495,-23.292724609375,9.339111328125,15.985595703125,
0.55,-21.771240234375,5.094970703125,17.627197265625,
0.5505,-20.449951171875,0.450439453125,19.709228515625,
0.551,-18.167724609375,-3.873779296875,20.630126953125,
0.5515,-15.565185546875,-8.678466796875,21.751220703125,
0.552,-11.401123046875,-12.322021484375,20.469970703125,
0.5525,-7.397216796875,-16.165771484375,19.589111328125,
0.553,-3.873779296875,-18.367919921875,17.627197265625,
0.5535,1.571533203125,-21.611083984375,14.864501953125,
0.554,5.615478515625,-23.372802734375,12.021728515625,
0.5545,10.099853515625,-23.733154296875,7.697509765625,
0.555,13.463134765625,-24.053466796875,4.574462890625,
0.5555,16.786376953125,-22.692138671875,0.090087890625,
0.556,19.268798828125,-21.651123046875,-3.193115234375,
0.5565,21.270751953125,-19.408935546875,-6.996826171875,
0.557,23.072509765625,-16.726318359375,-10.560302734375,
0.5575,21.991455078125,-12.081787109375,-13.162841796875,
0.558,22.431884765625,-8.718505859375,-15.845458984375,
0.5585,20.870361328125,-4.794677734375,-17.166748046875,
0.559,19.428955078125,0.170166015625,-19.368896484375,
0.5595,17.146728515625,4.334228515625,-20.169677734375,
0.56,13.783447265625,9.259033203125,-20.770263671875,
0.5605,10.059814453125,12.702392578125,-19.769287109375,
0.561,5.855712890625,16.345947265625,-18.568115234375,
0.5615,2.252197265625,18.427978515625,-16.406005859375,
0.562,-2.632568359375,21.310791015625,-13.963623046875,
0.5625,-7.076904296875,23.072509765625,-10.800537109375,
0.563,-11.321044921875,22.912353515625,-6.115966796875,
0.5635,-14.524169921875,23.392822265625,-3.273193359375,
0.564,-17.647216796875,21.791259765625,1.291259765625,
0.5645,-20.249755859375,20.469970703125,4.854736328125,
0.565,-21.811279296875,18.147705078125,8.137939453125,
0.5655,-23.332763671875,14.864501953125,12.021728515625,
0.566,-22.251708984375,10.219970703125,14.584228515625,
0.5665,-22.411865234375,6.776611328125,17.026611328125,
0.567,-20.690185546875,2.692626953125,18.307861328125,
0.5675,-19.328857421875,-2.192138671875,20.550048828125,
0.568,-16.606201171875,-6.436279296875,20.990478515625,
0.5685,-12.842529296875,-11.240966796875,21.110595703125,
0.569,-9.479248046875,-14.404052734375,20.269775390625,
0.5695,-4.634521484375,-18.007568359375,18.347900390625,
0.57,-0.470458984375,-20.289794921875,15.785400390625,
0.5705,3.853759765625,-22.772216796875,13.423095703125,
0.571,8.778564453125,-24.213623046875,9.739501953125,
0.5715,12.622314453125,-23.492919921875,4.974853515625,
0.572,15.785400390625,-23.933349609375,2.252197265625,
0.5725,18.828369140625,-21.931396484375,-2.472412109375,
0.573,21.390869140625,-20.329833984375,-6.196044921875,
0.5735,22.311767578125,-17.647216796875,-9.078857421875,
0.574,23.432861328125,-13.963623046875,-12.962646484375,
0.5745,22.271728515625,-9.479248046875,-15.204833984375,
0.575,21.911376953125,-5.635498046875,-17.607177734375,
0.5755,19.829345703125,-1.231201171875,-18.728271484375,
0.576,18.427978515625,3.533447265625,-20.770263671875,
0.5765,14.864501953125,7.977783203125,-20.690185546875,
0.577,10.660400390625,12.542236328125,-20.289794921875,
0.5775,7.657470703125,15.425048828125,-19.529052734375,
0.578,2.332275390625,18.868408203125,-17.006591796875,
0.5785,-1.951904296875,21.070556640625,-14.404052734375,
0.579,-5.795654296875,22.952392578125,-11.841552734375,
0.5795,-10.760498046875,24.233642578125,-7.837646484375,
0.58,-14.283935546875,22.912353515625,-2.992919921875,
0.5805,-17.366943359375,23.112548828125,-0.110107421875,
0.581,-20.049560546875,20.790283203125,4.494384765625,
0.5815,-22.451904296875,19.068603515625,8.017822265625,
0.582,-22.692138671875,15.705322265625,10.860595703125,
0.5825,-23.572998046875,11.821533203125,14.544189453125,
0.583,-22.411865234375,7.697509765625,16.466064453125,
0.5835,-21.571044921875,3.333251953125,18.748291015625,
0.584,-19.448974609375,-1.031005859375,19.829345703125,
0.5845,-17.967529296875,-5.395263671875,21.510986328125,
0.585,-14.243896484375,-9.799560546875,21.230712890625,
0.5855,-9.799560546875,-14.043701171875,20.229736328125,
0.586,-6.996826171875,-16.806396484375,19.509033203125,
0.5865,-1.271240234375,-20.089599609375,16.466064453125,
0.587,2.892822265625,-22.291748046875,14.023681640625,
0.5875,6.896728515625,-23.452880859375,10.820556640625,
0.588,11.461181640625,-24.654052734375,7.136962890625,
0.5885,14.864501953125,-23.212646484375,2.412353515625,
0.589,17.947509765625,-23.092529296875,-0.750732421875,
0.5895,20.389892578125,-20.690185546875,-5.074951171875,
0.59,22.752197265625,-19.008544921875,-8.478271484375,
0.5905,22.431884765625,-15.084716796875,-11.281005859375,
0.591,23.072509765625,-11.120849609375,-14.764404296875,
0.5915,22.071533203125,-7.437255859375,-16.406005859375,
0.592,20.670166015625,-2.472412109375,-18.728271484375,
0.5925,18.628173828125,1.851806640625,-19.849365234375,
0.593,16.506103515625,6.416259765625,-21.130615234375,
0.5935,12.662353515625,10.740478515625,-20.810302734375,
0.594,7.937744140625,14.824462890625,-19.448974609375,
0.5945,5.094970703125,17.386962890625,-18.528076171875,
0.595,-0.670654296875,20.550048828125,-15.324951171875,
0.5955,-4.674560546875,22.832275390625,-12.962646484375,
0.596,-8.958740234375,23.312744140625,-8.838623046875,
0.5965,-13.202880859375,24.313720703125,-5.355224609375,
0.597,-16.365966796875,22.792236328125,-0.790771484375,
0.5975,-19.408935546875,22.071533203125,2.732666015625,
0.598,-21.571044921875,19.549072265625,6.896728515625,
0.5985,-23.773193359375,17.427001953125,10.420166015625,
0.599,-22.972412109375,12.942626953125,13.182861328125,
0.5995,-23.332763671875,8.898681640625,16.426025390625,
0.6,-22.291748046875,5.375244140625,17.827392578125,
0.6005,-20.449951171875,-0.150146484375,20.189697265625,
0.601,-18.367919921875,-4.354248046875,21.150634765625,
0.6015,-15.405029296875,-8.998779296875,21.791259765625,
0.602,-11.761474609375,-12.962646484375,21.270751953125,
0.6025,-6.996826171875,-16.726318359375,19.589111328125,
0.603,-3.553466796875,-19.168701171875,17.947509765625,
0.6035,2.092041015625,-22.091552734375,14.704345703125,
0.604,6.416259765625,-24.413818359375,12.181884765625,
0.6045,10.620361328125,-24.053466796875,7.377197265625,
0.605,14.384033203125,-24.814208984375,4.174072265625,
0.6055,17.427001953125,-23.212646484375,-0.190185546875,
0.606,20.469970703125,-21.931396484375,-4.114013671875,
0.6065,22.231689453125,-19.408935546875,-7.797607421875,
0.607,24.033447265625,-16.726318359375,-11.481201171875,
0.6075,23.032470703125,-12.161865234375,-14.043701171875,
0.608,22.872314453125,-7.997802734375,-16.846435546875,
0.6085,21.591064453125,-4.514404296875,-17.967529296875,
0.609,19.589111328125,1.091064453125,-20.209716796875,
0.6095,17.306884765625,5.415283203125,-21.170654296875,
0.61,13.423095703125,10.179931640625,-21.090576171875,
0.6105,10.099853515625,13.783447265625,-20.690185546875,
0.611,5.215087890625,17.346923828125,-18.648193359375,
0.6115,1.411376953125,19.789306640625,-16.566162109375,
0.612,-3.593505859375,22.351806640625,-13.563232421875,
0.6125,-8.318115234375,24.513916015625,-10.560302734375,
0.613,-12.362060546875,23.633056640625,-5.515380859375,
0.6135,-15.845458984375,24.193603515625,-2.512451171875,
0.614,-18.568115234375,22.431884765625,1.771728515625,
0.6145,-21.531005859375,20.790283203125,5.895751953125,
0.615,-22.892333984375,18.107666015625,9.259033203125,
0.6155,-24.213623046875,14.704345703125,13.062744140625,
0.616,-23.332763671875,10.300048828125,15.505126953125,
0.6165,-22.812255859375,6.055908203125,18.027587890625,
0.617,-21.290771484375,2.412353515625,19.068603515625,
0.6175,-19.448974609375,-2.992919921875,21.190673828125,
0.618,-16.766357421875,-7.597412109375,22.031494140625,
0.6185,-12.442138671875,-12.121826171875,21.270751953125,
0.619,-9.479248046875,-15.405029296875,20.990478515625,
0.6195,-4.314208984375,-18.688232421875,18.468017578125,
0.62,0.170166015625,-21.290771484375,15.985595703125,
0.6205,4.494384765625,-23.372802734375,13.182861328125,
0.621,9.659423828125,-25.374755859375,9.619384765625,
0.6215,13.302978515625,-24.093505859375,4.694580078125,
0.622,16.746337890625,-24.493896484375,1.571533203125,
0.6225,19.308837890625,-22.491943359375,-2.632568359375,
0.623,22.271728515625,-20.650146484375,-6.876708984375,
0.6235,23.192626953125,-17.727294921875,-9.999755859375,
0.624,24.033447265625,-13.803466796875,-13.763427734375,
0.6245,23.232666015625,-9.759521484375,-15.885498046875,
0.625,22.271728515625,-5.195068359375,-18.247802734375,
0.6255,20.429931640625,-1.151123046875,-19.368896484375,
0.626,18.588134765625,3.813720703125,-21.210693359375,
0.6265,15.184814453125,8.818603515625,-21.771240234375,
0.627,10.380126953125,13.222900390625,-20.570068359375,
0.6275,7.697509765625,16.305908203125,-20.209716796875,
0.628,2.212158203125,19.468994140625,-17.206787109375,
0.6285,-2.392333984375,22.071533203125,-14.684326171875,
0.629,-6.356201171875,23.552978515625,-11.641357421875,
0.6295,-11.641357421875,25.274658203125,-7.717529296875,
0.63,-14.924560546875,23.673095703125,-2.912841796875,
0.6305,-18.327880859375,23.673095703125,0.530517578125,
0.631,-20.650146484375,21.350830078125,4.654541015625,
0.6315,-23.372802734375,19.388916015625,8.658447265625,
0.632,-23.733154296875,15.865478515625,11.821533203125,
0.6325,-24.213623046875,11.541259765625,15.385009765625,
0.633,-23.452880859375,7.857666015625,17.226806640625,
0.6335,-21.971435546875,2.852783203125,19.509033203125,
0.634,-20.009521484375,-1.511474609375,20.630126953125,
0.6345,-18.087646484375,-6.035888671875,22.031494140625,
0.635,-14.484130859375,-10.880615234375,22.351806640625,
0.6355,-9.519287109375,-14.884521484375,20.630126953125,
0.636,-6.716552734375,-17.807373046875,20.069580078125,
0.6365,-0.870849609375,-20.810302734375,16.626220703125,
0.637,3.653564453125,-23.412841796875,14.183837890625,
0.6375,7.657470703125,-24.253662109375,10.540283203125,
0.638,12.622314453125,-25.614990234375,6.696533203125,
0.6385,15.665283203125,-24.093505859375,2.252197265625,
0.639,19.068603515625,-23.613037109375,-1.551513671875,
0.6395,21.190673828125,-21.210693359375,-5.555419921875,
0.64,23.633056640625,-19.248779296875,-9.198974609375,
0.6405,23.593017578125,-15.164794921875,-12.322021484375,
0.641,23.673095703125,-10.720458984375,-15.725341796875,
0.6415,23.032470703125,-7.557373046875,-17.246826171875,
0.642,20.990478515625,-1.991943359375,-19.448974609375,
0.6425,19.108642578125,2.332275390625,-20.650146484375,
0.643,16.506103515625,6.896728515625,-21.450927734375,
0.6435,12.822509765625,11.741455078125,-21.691162109375,
0.644,7.777587890625,15.505126953125,-19.769287109375,
0.6445,4.734619140625,18.347900390625,-18.808349609375,
0.645,-0.990966796875,21.110595703125,-15.324951171875,
0.6455,-5.195068359375,23.713134765625,-13.122802734375,
0.646,-9.439208984375,23.833251953125,-8.678466796875,
0.6465,-14.043701171875,24.954345703125,-4.954833984375,
0.647,-16.846435546875,23.512939453125,-0.790771484375,
0.6475,-20.209716796875,22.351806640625,3.373291015625,
0.648,-22.051513671875,19.869384765625,7.177001953125,
0.6485,-24.093505859375,17.587158203125,10.780517578125,
0.649,-23.773193359375,13.182861328125,13.823486328125,
0.6495,-23.532958984375,8.578369140625,16.946533203125,
0.65,-22.932373046875,5.535400390625,18.267822265625,
0.6505,-20.530029296875,-0.350341796875,20.429931640625,
0.651,-18.768310546875,-4.514404296875,21.711181640625,
0.6515,-15.445068359375,-8.998779296875,21.791259765625,
0.652,-12.041748046875,-13.403076171875,21.911376953125,
0.6525,-7.076904296875,-16.846435546875,19.829345703125,
0.653,-3.353271484375,-19.689208984375,18.187744140625,
0.6535,2.092041015625,-22.171630859375,14.744384765625,
0.654,6.456298828125,-24.814208984375,12.422119140625,
0.6545,10.620361328125,-24.333740234375,7.537353515625,
0.655,14.784423828125,-25.014404296875,3.973876953125,
0.6555,17.427001953125,-23.693115234375,0.210205078125,
0.656,20.750244140625,-22.091552734375,-4.354248046875,
0.6565,22.391845703125,-19.609130859375,-7.837646484375,
0.657,23.953369140625,-16.766357421875,-11.401123046875,
0.6575,23.552978515625,-12.562255859375,-14.283935546875,
0.658,22.752197265625,-7.877685546875,-16.966552734375,
0.6585,21.951416015625,-4.794677734375,-18.207763671875,
0.659,19.549072265625,1.010986328125,-20.209716796875,
0.6595,17.627197265625,5.495361328125,-21.571044921875,
0.66,13.383056640625,10.059814453125,-20.970458984375,
0.6605,10.219970703125,14.103759765625,-21.050537109375,
0.661,5.455322265625,17.266845703125,-18.768310546875,
0.6615,1.291259765625,20.069580078125,-16.686279296875,
0.662,-3.553466796875,22.231689453125,-13.523193359375,
0.6625,-8.278076171875,24.634033203125,-10.720458984375,
0.663,-12.201904296875,23.753173828125,-5.755615234375,
0.6635,-16.005615234375,24.033447265625,-2.232177734375,
0.664,-18.287841796875,22.712158203125,1.291259765625,
0.6645,-21.490966796875,20.710205078125,5.895751953125,
0.665,-22.932373046875,18.147705078125,9.259033203125,
0.6655,-23.773193359375,14.544189453125,12.782470703125,
0.666,-23.653076171875,10.580322265625,15.545166015625,
0.6665,-22.451904296875,5.895751953125,17.867431640625,
0.667,-21.370849609375,2.532470703125,19.068603515625,
0.6675,-19.168701171875,-2.792724609375,20.830322265625,
0.668,-16.926513671875,-7.517333984375,22.151611328125,
0.6685,-12.322021484375,-11.681396484375,20.870361328125,
0.669,-9.479248046875,-15.324951171875,20.950439453125,
0.6695,-4.754638671875,-18.087646484375,18.387939453125,
0.67,0.050048828125,-21.090576171875,15.985595703125,
0.6705,4.214111328125,-22.812255859375,13.062744140625,
0.671,9.299072265625,-24.814208984375,9.579345703125,
0.6715,12.742431640625,-23.893310546875,5.135009765625,
0.672,16.385986328125,-23.853271484375,1.451416015625,
0.6725,18.508056640625,-22.451904296875,-1.871826171875,
0.673,21.470947265625,-20.369873046875,-6.356201171875,
0.6735,22.792236328125,-17.727294921875,-9.719482421875,
0.674,23.032470703125,-13.603271484375,-13.002685546875,
0.6745,23.152587890625,-10.280029296875,-15.485107421875,
0.675,21.631103515625,-5.435302734375,-17.487060546875,
0.6755,20.229736328125,-1.591552734375,-18.848388671875,
0.676,18.187744140625,3.173095703125,-20.329833984375,
0.6765,15.304931640625,8.298095703125,-21.490966796875,
0.677,10.540283203125,12.181884765625,-19.889404296875,
0.6775,7.737548828125,15.665283203125,-19.849365234375,
0.678,3.173095703125,18.147705078125,-17.126708984375,
0.6785,-1.791748046875,21.190673828125,-14.724365234375,
0.679,-5.675537109375,22.592041015625,-11.681396484375,
0.6795,-10.840576171875,24.193603515625,-7.757568359375,
0.68,-13.963623046875,23.312744140625,-3.753662109375,
0.6805,-17.447021484375,22.752197265625,0.290283203125,
0.681,-19.448974609375,21.110595703125,3.573486328125,
0.6815,-22.091552734375,19.068603515625,7.697509765625,
0.682,-23.212646484375,15.865478515625,11.220947265625,
0.6825,-22.932373046875,11.301025390625,14.384033203125,
0.683,-23.132568359375,8.418212890625,16.546142578125,
0.6835,-21.250732421875,3.453369140625,18.387939453125,
0.684,-19.809326171875,-0.790771484375,19.989501953125,
0.6845,-17.647216796875,-5.114990234375,20.990478515625,
0.685,-14.484130859375,-10.239990234375,21.951416015625,
0.6855,-9.759521484375,-13.763427734375,20.069580078125,
0.686,-6.676513671875,-17.166748046875,19.629150390625,
0.6865,-1.791748046875,-19.489013671875,16.506103515625,
0.687,2.932861328125,-22.491943359375,14.223876953125,
0.6875,7.056884765625,-23.372802734375,10.580322265625,
0.688,11.821533203125,-24.453857421875,6.656494140625,
0.6885,14.744384765625,-23.813232421875,3.133056640625,
0.689,18.147705078125,-22.732177734375,-1.231201171875,
0.6895,20.189697265625,-20.890380859375,-4.754638671875,
0.69,22.311767578125,-18.888427734375,-8.318115234375,
0.6905,23.192626953125,-15.244873046875,-11.921630859375,
0.691,22.431884765625,-10.440185546875,-14.764404296875,
0.6915,22.592041015625,-7.717529296875,-16.606201171875,
0.692,20.269775390625,-2.512451171875,-18.287841796875,
0.6925,18.868408203125,1.851806640625,-20.049560546875,
0.693,16.025634765625,6.095947265625,-20.409912109375,
0.6935,12.662353515625,11.180908203125,-21.130615234375,
0.694,8.177978515625,14.384033203125,-19.288818359375,
0.6945,4.614501953125,17.707275390625,-18.247802734375,
0.695,-0.190185546875,19.869384765625,-15.084716796875,
0.6955,-4.514404296875,22.712158203125,-13.042724609375,
0.696,-8.838623046875,23.112548828125,-8.838623046875,
0.6965,-13.242919921875,23.593017578125,-4.754638671875,
0.697,-15.845458984375,23.192626953125,-1.711669921875,
0.6975,-19.168701171875,21.470947265625,2.932861328125,
0.698,-21.090576171875,19.509033203125,6.416259765625,
0.6985,-22.652099609375,17.146728515625,9.659423828125,
0.699,-23.412841796875,13.302978515625,13.343017578125,
0.6995,-22.371826171875,8.498291015625,15.945556640625,
0.7,-22.371826171875,5.735595703125,17.667236328125,
0.7005,-19.889404296875,0.450439453125,19.268798828125,
0.701,-18.648193359375,-3.873779296875,21.070556640625,
0.7015,-15.204833984375,-7.997802734375,20.790283203125,
0.702,-11.801513671875,-12.682373046875,21.190673828125,
0.7025,-7.757568359375,-15.645263671875,19.509033203125,
0.703,-3.273193359375,-18.928466796875,17.667236328125,
0.7035,1.331298828125,-20.970458984375,14.584228515625,
0.704,5.615478515625,-23.572998046875,12.342041015625,
0.7045,9.899658203125,-23.773193359375,8.017822265625,
0.705,14.023681640625,-23.693115234375,3.813720703125,
0.7055,16.506103515625,-23.492919921875,1.091064453125,
0.706,19.669189453125,-21.410888671875,-3.793701171875,
0.7065,21.631103515625,-19.448974609375,-7.237060546875,
0.707,22.511962890625,-16.406005859375,-10.280029296875,
0.7075,23.272705078125,-12.682373046875,-13.803466796875,
0.708,21.911376953125,-7.997802734375,-16.005615234375,
0.7085,21.551025390625,-4.754638671875,-17.767333984375,
0.709,19.028564453125,0.450439453125,-19.248779296875,
0.7095,17.587158203125,5.054931640625,-21.130615234375,
0.71,13.302978515625,9.218994140625,-20.209716796875,
0.7105,9.899658203125,13.623291015625,-20.409912109375,
0.711,6.216064453125,16.305908203125,-18.728271484375,
0.7115,1.211181640625,19.669189453125,-16.365966796875,
0.712,-3.193115234375,21.470947265625,-13.403076171875,
0.7125,-7.717529296875,23.633056640625,-10.480224609375,
0.713,-11.801513671875,23.673095703125,-6.276123046875,
0.7135,-15.565185546875,23.072509765625,-1.951904296875,
0.714,-17.967529296875,22.592041015625,0.810791015625,
0.7145,-20.930419921875,20.269775390625,5.655517578125,
0.715,-22.812255859375,17.987548828125,9.138916015625,
0.7155,-22.892333984375,14.143798828125,12.221923828125,
0.716,-23.653076171875,10.660400390625,15.385009765625,
0.7165,-22.051513671875,6.015869140625,17.306884765625,
0.717,-21.170654296875,2.172119140625,19.148681640625,
0.7175,-18.768310546875,-2.712646484375,20.389892578125,
0.718,-16.806396484375,-7.517333984375,22.031494140625,
0.7185,-12.322021484375,-11.401123046875,20.670166015625,
0.719,-8.798583984375,-15.485107421875,20.469970703125,
0.7195,-5.114990234375,-17.807373046875,18.468017578125,
0.72,0.370361328125,-21.130615234375,15.705322265625,
0.7205,4.494384765625,-22.812255859375,12.782470703125,
0.721,9.259033203125,-24.293701171875,9.098876953125,
0.7215,12.782470703125,-24.293701171875,5.375244140625,
0.722,16.385986328125,-23.372802734375,0.970947265625,
0.7225,18.708251953125,-22.572021484375,-1.991943359375,
0.723,21.310791015625,-20.129638671875,-6.436279296875,
0.7235,23.152587890625,-17.647216796875,-9.999755859375,
0.724,22.511962890625,-13.202880859375,-12.842529296875,
0.7245,23.232666015625,-9.959716796875,-15.685302734375,
0.725,21.470947265625,-5.515380859375,-17.286865234375,
0.7255,20.189697265625,-1.111083984375,-19.208740234375,
0.726,17.867431640625,3.413330078125,-20.209716796875,
0.7265,15.064697265625,8.538330078125,-21.410888671875,
0.727,10.660400390625,12.221923828125,-19.969482421875,
0.7275,7.016845703125,16.065673828125,-19.408935546875,
0.728,3.333251953125,18.187744140625,-17.246826171875,
0.7285,-2.072021484375,21.390869140625,-14.524169921875,
0.729,-6.115966796875,22.912353515625,-11.521240234375,
0.7295,-10.840576171875,23.673095703125,-7.317138671875,
0.73,-14.123779296875,23.753173828125,-3.993896484375,
0.7305,-17.567138671875,22.431884765625,0.610595703125,
0.731,-19.849365234375,21.270751953125,3.853759765625,
0.7315,-21.971435546875,18.908447265625,7.737548828125,
0.732,-23.653076171875,15.905517578125,11.581298828125,
0.7325,-22.692138671875,11.180908203125,14.343994140625,
0.733,-23.212646484375,8.017822265625,16.906494140625,
0.7335,-21.370849609375,3.613525390625,18.307861328125,
0.734,-19.929443359375,-1.271240234375,20.469970703125,
0.7345,-17.527099609375,-5.395263671875,21.070556640625,
0.735,-14.243896484375,-10.560302734375,21.911376953125,
0.7355,-10.119873046875,-13.923583984375,20.469970703125,
0.736,-6.035888671875,-17.687255859375,19.428955078125,
0.7365,-1.791748046875,-19.809326171875,16.746337890625,
0.737,3.173095703125,-22.812255859375,14.223876953125,
0.7375,7.657470703125,-24.213623046875,10.580322265625,
0.738,12.101806640625,-24.333740234375,6.135986328125,
0.7385,15.224853515625,-24.573974609375,3.173095703125,
0.739,18.628173828125,-22.772216796875,-1.711669921875,
0.7395,21.030517578125,-21.170654296875,-5.275146484375,
0.74,22.592041015625,-18.808349609375,-8.558349609375,
0.7405,23.993408203125,-15.244873046875,-12.522216796875,
0.741,22.752197265625,-10.320068359375,-15.124755859375,
0.7415,22.952392578125,-7.156982421875,-17.366943359375,
0.742,20.630126953125,-2.272216796875,-18.768310546875,
0.7425,19.188720703125,2.612548828125,-20.890380859375,
0.743,15.985595703125,6.896728515625,-20.930419921875,
0.7435,12.221923828125,12.021728515625,-21.410888671875,
0.744,8.298095703125,15.184814453125,-19.969482421875,
0.7445,3.693603515625,18.908447265625,-18.247802734375,
0.745,-0.830810546875,20.830322265625,-15.244873046875,
0.7455,-5.235107421875,23.432861328125,-12.842529296875,
0.746,-9.959716796875,24.313720703125,-8.678466796875,
0.7465,-14.123779296875,23.833251953125,-3.953857421875,
0.747,-17.006591796875,24.033447265625,-1.151123046875,
0.7475,-20.209716796875,21.791259765625,3.893798828125,
0.748,-22.451904296875,19.869384765625,7.537353515625,
0.7485,-23.332763671875,17.026611328125,10.500244140625,
0.749,-24.373779296875,13.142822265625,14.343994140625,
0.7495,-22.932373046875,8.298095703125,16.666259765625,
0.75,-22.772216796875,4.774658203125,18.788330078125,
0.7505,-20.209716796875,-0.270263671875,19.989501953125,
0.751,-18.888427734375,-4.794677734375,21.951416015625,
0.7515,-15.084716796875,-8.998779296875,21.430908203125,
0.752,-11.200927734375,-13.723388671875,21.390869140625,
0.7525,-7.717529296875,-16.566162109375,20.069580078125,
0.753,-2.352294921875,-20.129638671875,17.627197265625,
0.7535,2.092041015625,-22.091552734375,14.584228515625,
0.754,6.216064453125,-24.213623046875,12.021728515625,
0.7545,10.860595703125,-24.974365234375,7.817626953125,
0.755,14.704345703125,-23.933349609375,3.052978515625,
0.7555,17.547119140625,-24.053466796875,0.370361328125,
0.756,20.469970703125,-21.611083984375,-4.514404296875,
0.7565,22.712158203125,-19.769287109375,-7.997802734375,
0.757,22.952392578125,-16.365966796875,-10.840576171875,
0.7575,23.913330078125,-12.522216796875,-14.524169921875,
0.758,22.431884765625,-7.997802734375,-16.486083984375,
0.7585,21.791259765625,-3.993896484375,-18.688232421875,
0.759,19.348876953125,0.850830078125,-19.809326171875,
0.7595,17.787353515625,5.415283203125,-21.651123046875,
0.76,13.543212890625,9.779541015625,-20.850341796875,
0.7605,9.339111328125,14.303955078125,-20.449951171875,
0.761,6.256103515625,16.986572265625,-19.288818359375,
0.7615,0.570556640625,20.429931640625,-16.446044921875,
0.762,-3.713623046875,22.391845703125,-13.603271484375,
0.7625,-7.997802734375,23.873291015625,-10.360107421875,
0.763,-12.402099609375,24.634033203125,-6.396240234375,
0.7635,-16.045654296875,23.352783203125,-1.591552734375,
0.764,-18.888427734375,23.152587890625,1.411376953125,
0.7645,-21.571044921875,20.550048828125,6.135986328125,
0.765,-23.773193359375,18.508056640625,9.739501953125,
0.7655,-23.372802734375,14.263916015625,12.662353515625,
0.766,-24.213623046875,10.500244140625,16.145751953125,
0.7665,-22.772216796875,6.095947265625,17.867431640625,
0.767,-21.651123046875,1.451416015625,20.149658203125,
0.7675,-19.128662109375,-3.273193359375,21.150634765625,
0.768,-17.006591796875,-8.037841796875,22.592041015625,
0.7685,-12.642333984375,-12.121826171875,21.510986328125,
0.769,-8.318115234375,-16.365966796875,20.630126953125,
0.7695,-4.994873046875,-18.848388671875,19.028564453125,
0.77,1.131103515625,-22.251708984375,15.865478515625,
0.7705,5.375244140625,-24.293701171875,12.782470703125,
0.771,9.979736328125,-24.894287109375,8.738525390625,
0.7715,13.823486328125,-25.334716796875,5.215087890625,
0.772,17.306884765625,-23.853271484375,0.370361328125,
0.7725,20.029541015625,-23.052490234375,-2.872802734375,
0.773,22.431884765625,-20.369873046875,-7.317138671875,
0.7735,24.473876953125,-17.927490234375,-10.960693359375,
0.774,23.352783203125,-13.122802734375,-13.723388671875,
0.7745,23.913330078125,-9.479248046875,-16.686279296875,
0.775,22.231689453125,-5.275146484375,-18.087646484375,
0.7755,20.630126953125,-0.150146484375,-20.369873046875,
0.776,18.027587890625,4.454345703125,-21.130615234375,
0.7765,15.024658203125,9.499267578125,-22.011474609375,
0.777,10.740478515625,13.262939453125,-20.810302734375,
0.7775,6.256103515625,16.986572265625,-19.569091796875,
0.778,2.812744140625,19.268798828125,-17.527099609375,
0.7785,-2.872802734375,22.391845703125,-14.404052734375,
0.779,-7.197021484375,24.273681640625,-11.401123046875,
0.7795,-11.721435546875,24.273681640625,-6.676513671875,
0.78,-15.164794921875,24.634033203125,-3.513427734375,
0.7805,-18.327880859375,22.912353515625,1.291259765625,
0.781,-21.010498046875,21.631103515625,4.774658203125,
0.7815,-22.772216796875,19.028564453125,8.618408203125,
0.782,-24.533935546875,16.065673828125,12.422119140625,
0.7825,-23.332763671875,11.140869140625,15.024658203125,
0.783,-23.532958984375,7.497314453125,17.707275390625,
0.7835,-21.851318359375,3.533447265625,18.828369140625,
0.784,-20.209716796875,-1.791748046875,21.070556640625,
0.7845,-17.647216796875,-6.075927734375,21.751220703125,
0.785,-14.083740234375,-10.960693359375,22.071533203125,
0.7855,-10.400146484375,-14.524169921875,20.950439453125,
0.786,-5.635498046875,-18.087646484375,19.308837890625,
0.7865,-1.671630859375,-20.329833984375,16.946533203125,
0.787,3.333251953125,-23.012451171875,14.103759765625,
0.7875,8.017822265625,-24.854248046875,10.780517578125,
0.788,12.221923828125,-24.293701171875,5.895751953125,
0.7885,15.545166015625,-24.774169921875,2.972900390625,
0.789,18.628173828125,-22.892333984375,-1.671630859375,
0.7895,21.390869140625,-21.410888671875,-5.475341796875,
0.79,22.712158203125,-18.848388671875,-8.718505859375,
0.7905,24.193603515625,-15.405029296875,-12.682373046875,
0.791,22.952392578125,-10.640380859375,-15.084716796875,
0.7915,22.832275390625,-6.876708984375,-17.607177734375,
0.792,20.910400390625,-2.712646484375,-18.728271484375,
0.7925,19.348876953125,2.412353515625,-20.930419921875,
0.793,16.265869140625,6.976806640625,-21.290771484375,
0.7935,12.141845703125,11.861572265625,-21.170654296875,
0.794,8.778564453125,15.024658203125,-20.369873046875,
0.7945,3.693603515625,18.668212890625,-18.207763671875,
0.795,-0.630615234375,20.990478515625,-15.525146484375,
0.7955,-4.874755859375,23.192626953125,-12.922607421875,
0.796,-9.999755859375,24.794189453125,-9.038818359375,
0.7965,-13.923583984375,23.713134765625,-4.033935546875,
0.797,-17.126708984375,24.073486328125,-1.151123046875,
0.7975,-20.049560546875,21.831298828125,3.653564453125,
0.798,-22.652099609375,20.109619140625,7.457275390625,
0.7985,-23.332763671875,17.066650390625,10.420166015625,
0.799,-24.413818359375,13.182861328125,14.384033203125,
0.7995,-23.132568359375,8.658447265625,16.546142578125,
0.8,-22.612060546875,4.454345703125,18.948486328125,
0.8005,-20.449951171875,-0.070068359375,20.029541015625,
0.801,-18.968505859375,-4.714599609375,21.951416015625,
0.8015,-15.405029296875,-9.239013671875,21.871337890625,
0.802,-10.920654296875,-13.803466796875,21.150634765625,
0.8025,-7.917724609375,-16.686279296875,20.349853515625,
0.803,-2.192138671875,-20.129638671875,17.467041015625,
0.8035,2.252197265625,-22.371826171875,14.744384765625,
0.804,6.095947265625,-23.933349609375,11.901611328125,
0.8045,11.060791015625,-25.254638671875,7.937744140625,
0.805,14.664306640625,-23.773193359375,3.012939453125,
0.8055,17.867431640625,-23.933349609375,0.010009765625,
0.806,20.429931640625,-21.490966796875,-4.514404296875,
0.8065,22.792236328125,-19.769287109375,-8.077880859375,
0.807,22.872314453125,-16.285888671875,-10.880615234375,
0.8075,23.633056640625,-12.241943359375,-14.524169921875,
0.808,22.471923828125,-8.278076171875,-16.325927734375,
0.8085,21.430908203125,-3.593505859375,-18.648193359375,
0.809,19.268798828125,0.770751953125,-19.689208984375,
0.8095,17.627197265625,5.135009765625,-21.170654296875,
0.81,13.743408203125,9.739501953125,-21.010498046875,
0.8105,9.098876953125,13.903564453125,-19.849365234375,
0.811,6.376220703125,16.706298828125,-19.168701171875,
0.8115,0.690673828125,19.869384765625,-16.045654296875,
0.812,-3.433349609375,22.151611328125,-13.683349609375,
0.8125,-7.317138671875,23.032470703125,-10.239990234375,
0.813,-12.001708984375,24.313720703125,-6.556396484375,
0.8135,-15.244873046875,22.872314453125,-1.951904296875,
0.814,-18.447998046875,22.552001953125,1.451416015625,
0.8145,-20.610107421875,20.189697265625,5.575439453125,
0.815,-22.972412109375,18.387939453125,9.018798828125,
0.8155,-22.692138671875,14.384033203125,11.901611328125,
0.816,-23.132568359375,10.219970703125,15.385009765625,
0.8165,-22.411865234375,6.776611328125,16.986572265625,
0.817,-20.810302734375,1.691650390625,19.348876953125,
0.8175,-18.968505859375,-2.472412109375,20.469970703125,
0.818,-16.726318359375,-6.876708984375,21.430908203125,
0.8185,-13.162841796875,-11.240966796875,21.310791015625,
0.819,-8.398193359375,-15.084716796875,19.869384765625,
0.8195,-5.395263671875,-17.807373046875,18.828369140625,
0.82,0.330322265625,-20.770263671875,15.505126953125,
0.8205,4.374267578125,-23.252685546875,13.383056640625,
0.821,8.498291015625,-23.412841796875,9.098876953125,
0.8215,12.742431640625,-24.493896484375,5.735595703125,
0.822,15.825439453125,-23.132568359375,1.451416015625,
0.8225,19.028564453125,-22.331787109375,-2.392333984375,
0.823,21.030517578125,-19.889404296875,-6.276123046875,
0.8235,23.112548828125,-17.847412109375,-9.719482421875,
0.824,22.552001953125,-13.563232421875,-12.522216796875,
0.8245,22.632080078125,-9.359130859375,-15.645263671875,
0.825,21.791259765625,-6.115966796875,-17.006591796875,
0.8255,19.869384765625,-0.630615234375,-19.288818359375,
0.826,17.947509765625,3.573486328125,-20.489990234375,
0.8265,14.744384765625,8.097900390625,-20.770263671875,
0.827,11.341064453125,12.221923828125,-20.650146484375,
0.8275,6.536376953125,15.865478515625,-18.888427734375,
0.828,3.093017578125,18.508056640625,-17.326904296875,
0.8285,-2.232177734375,21.110595703125,-14.123779296875,
0.829,-6.396240234375,23.593017578125,-11.801513671875,
0.8295,-10.560302734375,23.072509765625,-7.036865234375,
0.83,-14.364013671875,23.793212890625,-3.753662109375,
0.8305,-17.126708984375,22.431884765625,0.290283203125,
0.831,-20.209716796875,21.030517578125,4.414306640625,
0.8315,-21.851318359375,18.548095703125,7.977783203125,
0.832,-23.412841796875,15.745361328125,11.461181640625,
0.8325,-22.812255859375,11.541259765625,14.103759765625,
0.833,-22.451904296875,7.177001953125,16.866455078125,
0.8335,-21.490966796875,4.013916015625,18.067626953125,
0.834,-19.408935546875,-1.551513671875,20.189697265625,
0.8345,-17.567138671875,-5.755615234375,21.390869140625,
0.835,-13.603271484375,-10.199951171875,20.910400390625,
0.8355,-10.600341796875,-13.803466796875,20.830322265625,
0.836,-5.835693359375,-17.046630859375,18.748291015625,
0.8365,-1.711669921875,-19.809326171875,16.666259765625,
0.837,3.012939453125,-22.051513671875,13.743408203125,
0.8375,7.657470703125,-24.333740234375,10.860595703125,
0.838,11.381103515625,-23.452880859375,6.216064453125,
0.8385,15.064697265625,-23.893310546875,2.852783203125,
0.839,17.587158203125,-22.531982421875,-0.830810546875,
0.8395,20.670166015625,-20.850341796875,-5.155029296875,
0.84,22.071533203125,-18.407958984375,-8.398193359375,
0.8405,23.072509765625,-14.964599609375,-11.921630859375,
0.841,22.712158203125,-11.120849609375,-14.404052734375,
0.8415,21.831298828125,-6.676513671875,-16.886474609375,
0.842,20.590087890625,-3.153076171875,-18.087646484375,
0.8425,18.668212890625,2.011962890625,-20.049560546875,
0.843,16.225830078125,6.696533203125,-21.210693359375,
0.8435,11.741455078125,11.020751953125,-20.169677734375,
0.844,8.978759765625,14.464111328125,-20.089599609375,
0.8445,4.134033203125,17.587158203125,-17.687255859375,
0.845,-0.430419921875,20.429931640625,-15.405029296875,
0.8455,-4.474365234375,22.231689453125,-12.642333984375,
0.846,-9.559326171875,24.193603515625,-9.118896484375,
0.8465,-13.002685546875,23.072509765625,-4.514404296875,
0.847,-16.606201171875,23.192626953125,-1.031005859375,
0.8475,-18.928466796875,21.510986328125,2.732666015625,
0.848,-21.811279296875,19.709228515625,6.976806640625,
0.8485,-22.852294921875,16.786376953125,10.179931640625,
0.849,-23.292724609375,12.702392578125,13.663330078125,
0.8495,-23.012451171875,9.178955078125,15.865478515625,
0.85,-21.771240234375,4.454345703125,18.187744140625,
0.8505,-20.209716796875,0.370361328125,19.509033203125,
0.851,-18.407958984375,-4.234130859375,20.990478515625,
0.8515,-15.445068359375,-9.078857421875,21.911376953125,
0.852,-10.720458984375,-13.002685546875,20.389892578125,
0.8525,-7.957763671875,-16.285888671875,20.149658203125,
0.853,-2.712646484375,-19.128662109375,17.146728515625,
0.8535,2.052001953125,-22.051513671875,14.744384765625,
0.854,5.775634765625,-23.252685546875,11.741455078125,
0.8545,10.860595703125,-24.814208984375,7.937744140625,
0.855,13.943603515625,-23.572998046875,3.653564453125,
0.8555,17.547119140625,-23.292724609375,-0.190185546875,
0.856,19.709228515625,-21.290771484375,-3.913818359375,
0.8565,22.271728515625,-19.448974609375,-7.717529296875,
0.857,22.912353515625,-16.125732421875,-10.920654296875,
0.8575,22.872314453125,-11.721435546875,-14.203857421875,
0.858,22.632080078125,-8.678466796875,-16.005615234375,
0.8585,20.830322265625,-3.553466796875,-18.207763671875,
0.859,19.228759765625,0.690673828125,-19.609130859375,
0.8595,17.146728515625,4.974853515625,-20.610107421875,
0.86,13.823486328125,9.979736328125,-21.290771484375,
0.8605,8.978759765625,13.623291015625,-19.529052734375,
0.861,6.055908203125,16.866455078125,-19.008544921875,
0.8615,0.890869140625,19.428955078125,-15.845458984375,
0.862,-3.593505859375,22.271728515625,-13.683349609375,
0.8625,-7.437255859375,22.952392578125,-10.119873046875,
0.863,-12.201904296875,24.073486328125,-6.196044921875,
0.8635,-15.124755859375,23.112548828125,-2.312255859375,
0.864,-18.648193359375,22.191650390625,1.971923828125,
0.8645,-20.610107421875,20.149658203125,5.575439453125,
0.865,-22.812255859375,18.147705078125,9.058837890625,
0.8655,-23.252685546875,14.384033203125,12.342041015625,
0.866,-22.852294921875,9.739501953125,15.425048828125,
0.8665,-22.732177734375,6.856689453125,17.146728515625,
0.867,-20.570068359375,1.371337890625,19.228759765625,
0.8675,-19.128662109375,-2.832763671875,20.790283203125,
0.868,-16.526123046875,-6.916748046875,21.190673828125,
0.8685,-13.162841796875,-11.681396484375,21.751220703125,
0.869,-8.478271484375,-15.084716796875,19.829345703125,
0.8695,-4.834716796875,-18.407958984375,18.708251953125,
0.87,0.490478515625,-20.810302734375,15.385009765625,
0.8705,4.734619140625,-23.693115234375,13.383056640625,
0.871,8.858642578125,-23.773193359375,9.018798828125,
0.8715,13.302978515625,-24.493896484375,5.135009765625,
0.872,16.065673828125,-23.693115234375,1.651611328125,
0.8725,19.669189453125,-22.291748046875,-3.032958984375,
0.873,21.551025390625,-20.009521484375,-6.676513671875,
0.8735,23.272705078125,-17.687255859375,-9.959716796875,
0.874,23.472900390625,-13.803466796875,-13.162841796875,
0.8745,22.672119140625,-8.998779296875,-16.005615234375,
0.875,22.311767578125,-6.035888671875,-17.607177734375,
0.8755,19.869384765625,-0.190185546875,-19.569091796875,
0.876,18.307861328125,4.214111328125,-21.210693359375,
0.8765,14.584228515625,8.498291015625,-20.810302734375,
0.877,11.260986328125,12.982666015625,-21.170654296875,
0.8775,6.616455078125,16.265869140625,-19.128662109375,
0.878,2.412353515625,19.468994140625,-17.406982421875,
0.8785,-2.712646484375,21.671142578125,-13.963623046875,
0.879,-7.076904296875,24.353759765625,-11.681396484375,
0.8795,-11.240966796875,23.873291015625,-6.956787109375,
0.88,-15.284912109375,24.073486328125,-2.992919921875,
0.8805,-17.807373046875,23.112548828125,0.370361328125,
0.881,-21.130615234375,21.150634765625,5.215087890625,
0.8815,-22.812255859375,18.708251953125,8.738525390625,
0.882,-23.853271484375,15.505126953125,12.101806640625,
0.8825,-23.973388671875,11.621337890625,15.024658203125,
0.883,-22.732177734375,6.696533203125,17.467041015625,
0.8835,-22.051513671875,3.493408203125,18.948486328125,
0.884,-19.489013671875,-2.192138671875,20.710205078125,
0.8845,-17.847412109375,-6.636474609375,22.351806640625,
0.885,-13.443115234375,-10.800537109375,21.190673828125,
0.8855,-10.239990234375,-14.804443359375,21.270751953125,
0.886,-5.795654296875,-17.647216796875,19.068603515625,
0.8865,-0.910888671875,-20.890380859375,16.706298828125,
0.887,3.773681640625,-22.772216796875,13.463134765625,
0.8875,8.458251953125,-25.014404296875,10.540283203125,
0.888,12.181884765625,-24.373779296875,6.095947265625,
0.8885,15.985595703125,-24.213623046875,2.052001953125,
0.889,18.267822265625,-23.212646484375,-1.111083984375,
0.8895,21.470947265625,-21.010498046875,-5.915771484375,
0.89,23.032470703125,-18.568115234375,-9.279052734375,
0.8905,23.352783203125,-14.764404296875,-12.482177734375,
0.891,23.673095703125,-11.240966796875,-15.244873046875,
0.8915,22.111572265625,-6.396240234375,-17.326904296875,
0.892,21.030517578125,-2.592529296875,-18.928466796875,
0.8925,18.708251953125,2.572509765625,-20.449951171875,
0.893,16.506103515625,7.497314453125,-21.971435546875,
0.8935,11.781494140625,11.541259765625,-20.489990234375,
0.894,8.578369140625,15.344970703125,-20.369873046875,
0.8945,4.334228515625,17.947509765625,-18.047607421875,
0.895,-0.990966796875,21.270751953125,-15.525146484375,
0.8955,-5.074951171875,22.872314453125,-12.482177734375,
0.896,-10.119873046875,24.634033203125,-8.838623046875,
0.8965,-13.563232421875,24.033447265625,-4.674560546875,
0.897,-17.246826171875,23.472900390625,-0.470458984375,
0.8975,-19.489013671875,22.151611328125,2.852783203125,
0.898,-22.371826171875,19.869384765625,7.377197265625,
0.8985,-23.853271484375,17.106689453125,10.900634765625,
0.899,-23.613037109375,12.582275390625,14.103759765625,
0.8995,-23.973388671875,9.339111328125,16.626220703125,
0.9,-22.211669921875,4.494384765625,18.548095703125,
0.9005,-20.810302734375,0.010009765625,20.349853515625,
0.901,-18.568115234375,-4.594482421875,21.470947265625,
0.9015,-15.725341796875,-9.879638671875,22.792236328125,
0.902,-10.880615234375,-13.563232421875,20.990478515625,
0.9025,-7.597412109375,-17.206787109375,20.510009765625,
0.903,-2.832763671875,-19.689208984375,17.627197265625,
0.9035,2.532470703125,-23.052490234375,15.024658203125,
0.904,6.656494140625,-24.293701171875,11.661376953125,
0.9045,11.781494140625,-25.494873046875,7.537353515625,
0.905,14.864501953125,-24.814208984375,3.693603515625,
0.9055,18.548095703125,-23.853271484375,-0.830810546875,
0.906,20.790283203125,-22.091552734375,-4.474365234375,
0.9065,23.072509765625,-20.209716796875,-8.678466796875,
0.907,24.393798828125,-16.526123046875,-12.121826171875,
0.9075,23.633056640625,-11.561279296875,-15.084716796875,
0.908,23.713134765625,-8.518310546875,-17.086669921875,
0.9085,21.510986328125,-3.193115234375,-18.968505859375,
0.909,19.869384765625,1.571533203125,-20.770263671875,
0.9095,17.306884765625,5.895751953125,-21.410888671875,
0.91,13.823486328125,11.260986328125,-22.331787109375,
0.9105,8.978759765625,14.744384765625,-20.329833984375,
0.911,5.335205078125,18.267822265625,-19.408935546875,
0.9115,0.450439453125,20.510009765625,-16.165771484375,
0.912,-4.514404296875,23.633056640625,-13.723388671875,
0.9125,-8.678466796875,24.353759765625,-9.799560546875,
0.913,-13.563232421875,24.994384765625,-5.435302734375,
0.9135,-16.365966796875,24.353759765625,-1.991943359375,
0.914,-19.929443359375,22.752197265625,2.852783203125,
0.9145,-21.931396484375,20.630126953125,6.416259765625,
0.915,-23.773193359375,18.307861328125,9.939697265625,
0.9155,-24.694091796875,14.504150390625,13.703369140625,
0.916,-23.572998046875,9.459228515625,16.466064453125,
0.9165,-23.572998046875,6.456298828125,18.307861328125,
0.917,-21.090576171875,1.091064453125,19.909423828125,
0.9175,-19.609130859375,-3.553466796875,21.791259765625,
0.918,-16.526123046875,-7.717529296875,21.791259765625,
0.9185,-12.962646484375,-12.762451171875,22.351806640625,
0.919,-8.518310546875,-15.885498046875,20.429931640625,
0.9195,-4.194091796875,-19.408935546875,18.868408203125,
0.92,0.690673828125,-21.450927734375,15.505126953125,
0.9205,5.175048828125,-24.333740234375,13.302978515625,
0.921,9.619384765625,-24.734130859375,8.978759765625,
0.9215,14.023681640625,-24.814208984375,4.534423828125,
0.922,16.666259765625,-24.573974609375,1.571533203125,
0.9225,20.109619140625,-22.572021484375,-3.473388671875,
0.923,22.151611328125,-20.530029296875,-7.036865234375,
0.9235,23.392822265625,-17.847412109375,-10.119873046875,
0.924,24.193603515625,-13.963623046875,-13.803466796875,
0.9245,22.872314453125,-8.998779296875,-16.245849609375,
0.925,22.632080078125,-5.795654296875,-18.087646484375,
0.9255,19.989501953125,-0.430419921875,-19.609130859375,
0.926,18.708251953125,4.174072265625,-21.571044921875,
0.9265,14.784423828125,8.418212890625,-20.970458984375,
0.927,11.100830078125,13.302978515625,-21.290771484375,
0.9275,7.136962890625,16.185791015625,-19.569091796875,
0.928,2.252197265625,19.709228515625,-17.487060546875,
0.9285,-2.392333984375,21.631103515625,-14.283935546875,
0.929,-6.716552734375,24.193603515625,-11.881591796875,
0.9295,-11.120849609375,24.353759765625,-7.477294921875,
0.93,-15.244873046875,23.873291015625,-2.872802734375,
0.9305,-17.767333984375,23.552978515625,0.010009765625,
0.931,-20.970458984375,21.230712890625,4.974853515625,
0.9315,-23.012451171875,19.148681640625,8.578369140625,
0.932,-23.572998046875,15.825439453125,11.621337890625,
0.9325,-24.333740234375,12.021728515625,15.184814453125,
0.933,-22.812255859375,7.056884765625,17.346923828125,
0.9335,-22.251708984375,3.373291015625,19.268798828125,
0.934,-19.649169921875,-1.871826171875,20.630126953125,
0.9345,-18.207763671875,-6.436279296875,22.592041015625,
0.935,-13.843505859375,-10.560302734375,21.430908203125,
0.9355,-10.079833984375,-15.004638671875,21.310791015625,
0.936,-6.396240234375,-17.647216796875,19.589111328125,
0.9365,-0.790771484375,-21.130615234375,16.826416015625,
0.937,3.653564453125,-22.932373046875,13.743408203125,
0.9375,8.298095703125,-24.934326171875,10.580322265625,
0.938,12.342041015625,-25.054443359375,6.416259765625,
0.9385,16.265869140625,-24.173583984375,1.851806640625,
0.939,18.628173828125,-23.653076171875,-1.151123046875,
0.9395,21.591064453125,-21.130615234375,-5.955810546875,
0.94,23.593017578125,-18.928466796875,-9.479248046875,
0.9405,23.352783203125,-14.764404296875,-12.442138671875,
0.941,24.073486328125,-11.200927734375,-15.645263671875,
0.9415,22.351806640625,-6.516357421875,-17.406982421875,
0.942,21.150634765625,-2.192138671875,-19.368896484375,
0.9425,18.668212890625,2.692626953125,-20.489990234375,
0.943,16.506103515625,7.697509765625,-22.131591796875,
0.9435,11.821533203125,11.701416015625,-20.690185546875,
0.944,8.017822265625,15.785400390625,-20.249755859375,
0.9445,4.534423828125,18.027587890625,-18.287841796875,
0.945,-1.191162109375,21.430908203125,-15.405029296875,
0.9455,-5.275146484375,23.072509765625,-12.442138671875,
0.946,-10.119873046875,24.273681640625,-8.478271484375,
0.9465,-13.763427734375,24.353759765625,-4.794677734375,
0.947,-17.206787109375,23.072509765625,-0.230224609375,
0.9475,-19.529052734375,22.111572265625,2.932861328125,
0.948,-22.051513671875,19.669189453125,7.337158203125,
0.9485,-23.933349609375,17.146728515625,10.940673828125,
0.949,-23.052490234375,12.502197265625,13.743408203125,
0.9495,-23.693115234375,9.098876953125,16.626220703125,
0.95,-21.971435546875,4.854736328125,18.067626953125,
0.9505,-20.530029296875,0.090087890625,20.109619140625,
0.951,-18.247802734375,-4.274169921875,20.990478515625,
0.9515,-15.525146484375,-9.279052734375,22.151611328125,
0.952,-11.281005859375,-12.842529296875,20.750244140625,
0.9525,-7.277099609375,-16.686279296875,19.869384765625,
0.953,-3.673583984375,-18.728271484375,17.667236328125,
0.9535,1.891845703125,-21.931396484375,14.864501953125,
0.954,6.055908203125,-23.693115234375,11.861572265625,
0.9545,10.620361328125,-24.133544921875,7.497314453125,
0.955,13.943603515625,-24.493896484375,4.374267578125,
0.9555,17.186767578125,-22.972412109375,-0.150146484375,
0.956,19.589111328125,-21.731201171875,-3.553466796875,
0.9565,21.631103515625,-19.408935546875,-7.277099609375,
0.957,23.432861328125,-16.606201171875,-11.040771484375,
0.9575,22.351806640625,-11.841552734375,-13.723388671875,
0.958,22.752197265625,-8.598388671875,-16.285888671875,
0.9585,20.990478515625,-4.514404296875,-17.487060546875,
0.959,19.509033203125,0.490478515625,-19.729248046875,
0.9595,17.026611328125,4.774658203125,-20.449951171875,
0.96,13.663330078125,9.859619140625,-21.130615234375,
0.9605,9.859619140625,13.222900390625,-20.049560546875,
0.961,5.615478515625,16.866455078125,-18.728271484375,
0.9615,1.851806640625,18.868408203125,-16.285888671875,
0.962,-3.072998046875,21.751220703125,-13.803466796875,
0.9625,-7.717529296875,23.432861328125,-10.440185546875,
0.963,-12.001708984375,23.232666015625,-5.755615234375,
0.9635,-15.084716796875,23.713134765625,-2.992919921875,
0.964,-18.087646484375,21.911376953125,1.611572265625,
0.9645,-20.650146484375,20.429931640625,5.295166015625,
0.965,-22.211669921875,17.987548828125,8.618408203125,
0.9655,-23.693115234375,14.584228515625,12.622314453125,
0.966,-22.531982421875,9.899658203125,15.064697265625,
0.9665,-22.652099609375,6.496337890625,17.427001953125,
0.967,-20.610107421875,2.252197265625,18.548095703125,
0.9675,-19.288818359375,-2.632568359375,20.830322265625,
0.968,-16.365966796875,-7.036865234375,21.190673828125,
0.9685,-12.562255859375,-11.841552734375,21.310791015625,
0.969,-9.279052734375,-14.844482421875,20.389892578125,
0.9695,-4.394287109375,-18.407958984375,18.347900390625,
0.97,0.010009765625,-20.530029296875,15.545166015625,
0.9705,4.254150390625,-23.052490234375,13.182861328125,
0.971,9.259033203125,-24.493896484375,9.259033203125,
0.9715,13.102783203125,-23.653076171875,4.614501953125,
0.972,16.065673828125,-24.053466796875,1.931884765625,
0.9725,19.028564453125,-21.931396484375,-2.752685546875,
0.973,21.551025390625,-20.209716796875,-6.516357421875,
0.9735,22.431884765625,-17.406982421875,-9.479248046875,
0.974,23.593017578125,-13.723388671875,-13.322998046875,
0.9745,22.351806640625,-9.279052734375,-15.445068359375,
0.975,21.911376953125,-5.475341796875,-17.647216796875,
0.9755,19.669189453125,-1.031005859375,-18.728271484375,
0.976,18.307861328125,3.653564453125,-20.810302734375,
0.9765,14.664306640625,8.258056640625,-20.690185546875,
0.977,10.500244140625,12.822509765625,-20.329833984375,
0.9775,7.617431640625,15.585205078125,-19.529052734375,
0.978,2.292236328125,18.868408203125,-16.966552734375,
0.9785,-2.031982421875,20.990478515625,-14.163818359375,
0.979,-5.955810546875,22.872314453125,-11.601318359375,
0.9795,-10.920654296875,24.193603515625,-7.637451171875,
0.98,-14.444091796875,22.952392578125,-2.872802734375,
0.9805,-17.366943359375,23.072509765625,0.010009765625,
0.981,-19.929443359375,20.710205078125,4.494384765625,
0.9815,-22.371826171875,18.948486328125,8.057861328125,
0.982,-22.612060546875,15.465087890625,10.980712890625,
0.9825,-23.572998046875,11.621337890625,14.744384765625,
0.983,-22.451904296875,7.617431640625,16.506103515625,
0.9835,-21.490966796875,3.293212890625,18.748291015625,
0.984,-19.288818359375,-1.151123046875,19.749267578125,
0.9845,-17.807373046875,-5.555419921875,21.470947265625,
0.985,-14.003662109375,-10.039794921875,21.230712890625,
0.9855,-9.599365234375,-14.203857421875,20.309814453125,
0.986,-6.916748046875,-16.886474609375,19.509033203125,
0.9865,-1.231201171875,-20.089599609375,16.385986328125,
0.987,3.052978515625,-22.291748046875,13.823486328125,
0.9875,7.096923828125,-23.372802734375,10.500244140625,
0.988,11.661376953125,-24.614013671875,6.976806640625,
0.9885,15.024658203125,-23.212646484375,2.332275390625,
0.989,17.987548828125,-23.012451171875,-0.830810546875,
0.9895,20.349853515625,-20.530029296875,-5.155029296875,
0.99,22.752197265625,-18.768310546875,-8.678466796875,
0.9905,22.431884765625,-14.724365234375,-11.561279296875,
0.991,23.072509765625,-10.840576171875,-15.004638671875,
0.9915,22.071533203125,-7.317138671875,-16.486083984375,
0.992,20.590087890625,-2.312255859375,-18.768310546875,
0.9925,18.468017578125,2.052001953125,-19.809326171875,
0.993,16.145751953125,6.656494140625,-21.010498046875,
0.9935,12.422119140625,11.020751953125,-20.690185546875,
0.994,7.777587890625,14.984619140625,-19.448974609375,
0.9945,4.974853515625,17.386962890625,-18.327880859375,
0.995,-0.750732421875,20.469970703125,-15.164794921875,
0.9955,-4.874755859375,22.752197265625,-12.722412109375,
0.996,-9.158935546875,23.112548828125,-8.478271484375,
0.9965,-13.363037109375,24.153564453125,-5.114990234375,
0.997,-16.365966796875,22.712158203125,-0.710693359375,
0.9975,-19.368896484375,21.831298828125,2.892822265625,
0.998,-21.330810546875,19.308837890625,6.896728515625,
0.9985,-23.492919921875,17.106689453125,10.500244140625,
0.999,-22.772216796875,12.662353515625,13.302978515625,
0.9995,-23.092529296875,8.618408203125,16.466064453125,